655 535 12.8e6 535 4.75e3 32 57 24 15 30 29 6
650 535 12.8e6 535 4.75e3 32 57 24 15 30 29 6
640 535 12.8e6 535 4.75e3 32 57 24 15 30 29 6
630 535 12.8e6 535 4.75e3 32 57 24 15 30 29 6
620 535 12.8e6 535 4.75e3 32 57 24 15 30 29 6
610 535 12.8e6 535 4.75e3 32 57 24 15 30 29 6
600 535 12.8e6 535 4.75e3 32 57 24 15 30 29 6
590 535 12.8e6 535 4.75e3 32 57 24 15 30 29 6
580 535 12.8e6 535 4.75e3 32 57 24 15 30 29 6
570 535 12.8e6 535 4.75e3 32 57 24 15 30 29 6
560 535 12.8e6 535 4.75e3 32 57 24 15 30 29 6
550 535 12.8e6 535 4.75e3 32 57 24 15 30 29 6
540 535 12.8e6 535 4.75e3 32 57 24 15 30 29 6
530 535 12.8e6 535 4.75e3 32 57 24 15 30 29 6
520 535 12.8e6 535 4.75e3 32 57 24 15 30 29 6
510 535 12.8e6 535 4.75e3 32 57 24 15 30 29 6
500 535 12.8e6 535 4.75e3 32 57 24 15 30 29 6
490 535 12.8e6 535 4.75e3 32 57 24 15 30 29 6
480 535 12.8e6 535 4.75e3 32 57 24 15 30 29 6
470 535 12.8e6 535 4.75e3 32 57 24 15 30 29 6
460 535 12.8e6 535 4.75e3 32 57 24 15 30 29 6
450 535 12.8e6 535 4.75e3 32 57 24 15 30 29 6
440 535 12.8e6 535 4.75e3 32 57 24 15 30 29 6
430 535 12.8e6 535 4.75e3 32 57 24 15 30 29 6
420 535 12.8e6 535 4.75e3 32 57 24 15 30 29 6
410 535 12.8e6 535 4.75e3 32 57 24 15 30 29 6
400 535 12.8e6 535 4.75e3 32 57 24 15 30 29 6
390 535 12.8e6 535 4.75e3 32 57 24 15 30 29 6
380 535 12.8e6 535 4.75e3 32 57 24 15 30 29 6
370 535 12.8e6 535 4.75e3 32 57 24 15 30 29 6
360 535 12.8e6 535 4.75e3 32 57 24 15 30 29 6
350 535 12.8e6 535 4.75e3 32 57 24 15 30 29 6
340 535 12.8e6 535 4.75e3 32 57 24 15 30 29 6
330 535 12.8e6 535 4.75e3 32 57 24 15 30 29 6
320 535 12.8e6 535 4.75e3 32 57 24 15 30 29 6
310 535 12.8e6 535 4.75e3 32 57 24 15 30 29 6
300 535 12.8e6 535 4.75e3 32 57 24 15 30 29 6
290 535 12.8e6 535 4.75e3 32 57 24 15 30 29 6
280 535 12.8e6 535 4.75e3 32 57 24 15 30 29 6
270 535 12.8e6 535 4.75e3 32 57 24 15 30 29 6
260 535 12.8e6 535 4.75e3 32 57 24 15 30 29 6
250 535 12.8e6 535 4.75e3 32 57 24 15 30 29 6
240 535 12.8e6 535 4.75e3 32 57 24 15 30 29 6
230 535 12.8e6 535 4.75e3 32 57 24 15 30 29 6
220 535 12.8e6 535 4.75e3 32 57 24 15 30 29 6