655.00 535.00 1280000000.00 535.00 4750.00 32.00 57.00 24.00 15.00 30.00 29.00 6.00
645.00 535.00 1280000000.00 535.00 4750.00 32.00 57.00 24.00 15.00 30.00 29.00 6.00
635.00 535.00 1280000000.00 535.00 4750.00 32.00 57.00 24.00 15.00 30.00 29.00 6.00
625.00 535.00 1280000000.00 535.00 4750.00 32.00 57.00 24.00 15.00 30.00 29.00 6.00
615.00 535.00 1280000000.00 535.00 4750.00 32.00 57.00 24.00 15.00 30.00 29.00 6.00
605.00 535.00 1280000000.00 535.00 4750.00 32.00 57.00 24.00 15.00 30.00 29.00 6.00
595.00 535.00 1280000000.00 535.00 4750.00 32.00 57.00 24.00 15.00 30.00 29.00 6.00
585.00 535.00 1280000000.00 535.00 4750.00 32.00 57.00 24.00 15.00 30.00 29.00 6.00
575.00 535.00 1280000000.00 535.00 4750.00 32.00 57.00 24.00 15.00 30.00 29.00 6.00
565.00 535.00 1280000000.00 535.00 4750.00 32.00 57.00 24.00 15.00 30.00 29.00 6.00
555.00 535.00 1280000000.00 535.00 4750.00 32.00 57.00 24.00 15.00 30.00 29.00 6.00
545.00 535.00 1280000000.00 535.00 4750.00 32.00 57.00 24.00 15.00 30.00 29.00 6.00
535.00 535.00 1280000000.00 535.00 4750.00 32.00 57.00 24.00 15.00 30.00 29.00 6.00
525.00 535.00 1280000000.00 535.00 4750.00 32.00 57.00 24.00 15.00 30.00 29.00 6.00
515.00 535.00 1280000000.00 535.00 4750.00 32.00 57.00 24.00 15.00 30.00 29.00 6.00
505.00 535.00 1280000000.00 535.00 4750.00 32.00 57.00 24.00 15.00 30.00 29.00 6.00
495.00 535.00 1280000000.00 535.00 4750.00 32.00 57.00 24.00 15.00 30.00 29.00 6.00
485.00 535.00 1280000000.00 535.00 4750.00 32.00 57.00 24.00 15.00 30.00 29.00 6.00
475.00 535.00 1280000000.00 535.00 4750.00 32.00 57.00 24.00 15.00 30.00 29.00 6.00
465.00 535.00 1280000000.00 535.00 4750.00 32.00 57.00 24.00 15.00 30.00 29.00 6.00
455.00 535.00 1280000000.00 535.00 4750.00 32.00 57.00 24.00 15.00 30.00 29.00 6.00
445.00 535.00 1280000000.00 535.00 4750.00 32.00 57.00 24.00 15.00 30.00 29.00 6.00
435.00 535.00 1280000000.00 535.00 4750.00 32.00 57.00 24.00 15.00 30.00 29.00 6.00
425.00 535.00 1280000000.00 535.00 4750.00 32.00 57.00 24.00 15.00 30.00 29.00 6.00
415.00 535.00 1280000000.00 535.00 4750.00 32.00 57.00 24.00 15.00 30.00 29.00 6.00
405.00 535.00 1280000000.00 535.00 4750.00 32.00 57.00 24.00 15.00 30.00 29.00 6.00
395.00 535.00 1280000000.00 535.00 4750.00 32.00 57.00 24.00 15.00 30.00 29.00 6.00
385.00 535.00 1280000000.00 535.00 4750.00 32.00 57.00 24.00 15.00 30.00 29.00 6.00
375.00 535.00 1280000000.00 535.00 4750.00 32.00 57.00 24.00 15.00 30.00 29.00 6.00
365.00 535.00 1280000000.00 535.00 4750.00 32.00 57.00 24.00 15.00 30.00 29.00 6.00
355.00 535.00 1280000000.00 535.00 4750.00 32.00 57.00 24.00 15.00 30.00 29.00 6.00
345.00 535.00 1280000000.00 535.00 4750.00 32.00 57.00 24.00 15.00 30.00 29.00 6.00
335.00 535.00 1280000000.00 535.00 4750.00 32.00 57.00 24.00 15.00 30.00 29.00 6.00
325.00 535.00 1280000000.00 535.00 4750.00 32.00 57.00 24.00 15.00 30.00 29.00 6.00
315.00 535.00 1280000000.00 535.00 4750.00 32.00 57.00 24.00 15.00 30.00 29.00 6.00
305.00 535.00 1280000000.00 535.00 4750.00 32.00 57.00 24.00 15.00 30.00 29.00 6.00
295.00 535.00 1280000000.00 535.00 4750.00 32.00 57.00 24.00 15.00 30.00 29.00 6.00
285.00 535.00 1280000000.00 535.00 4750.00 32.00 57.00 24.00 15.00 30.00 29.00 6.00
275.00 535.00 1280000000.00 535.00 4750.00 32.00 57.00 24.00 15.00 30.00 29.00 6.00
265.00 535.00 1280000000.00 535.00 4750.00 32.00 57.00 24.00 15.00 30.00 29.00 6.00
255.00 535.00 1280000000.00 535.00 4750.00 32.00 57.00 24.00 15.00 30.00 29.00 6.00
245.00 535.00 1280000000.00 535.00 4750.00 32.00 57.00 24.00 15.00 30.00 29.00 6.00
235.00 535.00 1280000000.00 535.00 4750.00 32.00 57.00 24.00 15.00 30.00 29.00 6.00
225.00 535.00 1280000000.00 535.00 4750.00 32.00 57.00 24.00 15.00 30.00 29.00 6.00
215.00 535.00 1280000000.00 535.00 4750.00 32.00 57.00 24.00 15.00 30.00 29.00 6.00
