103.9885
105.5772
149.0254
126.2725
125.5833
124.1787
127.0221
128.1938
126.9319
127.4901
125.6815
122.9544
124.8625
126.6147
128.1231
130.6447
130.8862
131.9707
129.9283
136.5736
181.8754
209.7413
213.2948
213.0783
206.6135
209.6102
209.3006
206.583
207.5064
204.916
204.3485
205.2305
205.1495
204.6363
208.1843
208.6224
206.4485
210.3588
207.1615
158.1837
155.4506
152.6184
145.6953
144.5268
144.4102
145.7196
142.3288
140.1624
140.1421
155.7911
162.0783
190.2881
201.1575
194.0721
171.9921
129.9927
127.0037
131.1185
132.3095
127.1563
121.9423
125.0062
125.4058
122.4098
125.6531
125.1832
127.3581
122.301
122.2776
125.1695
129.5647
127.9773
128.2934
130.9923
121.6997
122.7597
117.2093
120.4626
126.7851
119.8885
120.3131
119.9143
114.9709
122.835
118.9166
120.9297
120.1197
121.2087
120.9479
123.2097
122.0935
125.6676
122.2191
120.5621
121.6836
122.7378
126.8617
129.2131
125.4089
127.6428
124.2939
127.9492
127.1132
125.8523
128.408
126.7406
127.8661
119.3007
122.0198
150.3237
130.1341
160.811
125.5724
123.1769
122.6316
118.8031
122.2068
126.6009
126.6869
129.0055
127.802
127.7409
127.5147
128.6928
131.1403
123.1756
124.2917
124.1845
126.4079
128.8294
131.0792
131.2548
130.3066
132.0087
128.9302
131.8787
130.8062
130.6919
129.72
124.6403
127.1053
125.9693
127.6172
122.1323
125.2088
127.2794
125.3331
128.1005
127.0555
129.1586
128.2586
131.3542
130.1234
127.2736
125.249
124.4693
131.0157
128.7541
128.0736
127.5885
127.6955
127.3351
143.0623
123.8309
123.5423
177.7761
206.8257
206.2857
199.9928
158.8155
139.7536
130.3779
129.8831
138.3654
135.27
137.5137
129.7442
127.2235
127.4847
126.2735
129.0974
126.9247
125.6283
118.5177
117.644
120.2507
121.9091
119.256
122.164
121.7369
156.7177
205.0655
207.179
208.6581
208.0656
211.3592
213.4206
209.4729
210.8491
210.4663
210.6098
211.5099
209.8288
209.2193
214.0737
212.1726
208.2142
214.6691
213.0921
213.7534
213.1903
213.5505
213.8329
212.2806
192.3604
181.3199
197.3444
211.8426
208.584
210.1134
211.9003
208.9723
210.4826
216.6779
208.0456
178.6485
139.3097
122.6481
123.1836
122.2095
117.5259
124.094
130.2817
131.5622
124.9244
123.6083
124.8599
124.6194
120.5964
126.7638
123.182
121.7302
123.6546
123.4524
124.0476
128.3338
125.0113
120.3606
136.5414
150.9658
150.228
149.3051
148.9768
138.5698
130.8132
128.9681
133.2247
132.7103
132.8854
133.9763
132.9875
131.8989
144.5198
130.8308
131.6696
134.7454
140.2651
130.4036
133.8116
136.4075
137.0746
129.4911
127.9342
126.5143
116.3594
128.2726
116.3998
126.2635
123.428
115.041
119.4022
126.2113
119.785
130.1791
123.2602
125.0473
122.6318
120.5604
125.2628
122.4128
126.401
123.2252
128.017
124.8811
125.8022
129.0285
125.2606
122.3484
121.5598
120.9697
127.0928
127.8528
120.1499
127.1999
121.6875
126.5226
157.1481
147.88
143.315
141.334
140.6461
144.0092
140.6026
143.7266
144.7524
145.4667
144.5368
145.5817
144.0241
159.5658
158.3859
136.9831
159.4504
169.049
168.014
148.4967
145.1446
144.4203
141.5496
145.5878
145.353
137.1904
142.9826
143.7818
124.9507
129.0795
125.4004
135.3179
145.453
164.3291
156.4433
129.5282
125.3034
130.0023
126.8024
128.9308
127.5983
127.9767
130.5659
125.6193
125.83
125.0903
125.0306
130.7606
129.257
126.2724
127.3782
128.9825
128.5587
129.1079
128.8166
121.058
119.6702
142.384
169.1864
169.5894
181.4157
161.5437
143.4196
146.1687
151.0126
169.3313
165.9079
164.5263
166.4391
164.7223
172.8385
205.1385
202.9487
165.7905
170.9667
170.2059
166.3365
167.0287
169.0039
166.584
144.9099
146.4621
148.4499
142.1104
144.9375
147.0638
147.3945
151.6661
152.6193
174.9553
169.2103
180.6038
147.6094
131.7555
130.5101
130.6789
130.0107
127.2805
128.4744
126.1992
124.7661
126.1968
126.6552
127.3607
129.702
121.3977
123.1065
124.3977
127.2032
123.1776
127.9127
121.3795
130.9846
122.1984
143.9274
182.8714
175.5139
207.7076
206.4429
205.0721
208.4346
204.2408
209.9991
211.3505
207.9276
208.6177
208.9574
208.4119
210.5507
210.7636
205.7068
204.98
206.0819
207.0706
208.9169
208.2614
212.0284
176.3152
166.8308
167.0215
142.5121
142.7263
147.0638
144.4015
145.9587
144.2858
163.1045
176.0177
193.6219
176.0606
172.675
148.3459
130.2427
129.3691
125.3257
136.6506
133.4624
131.5041
124.395
126.6134
125.6869
124.5646
117.8447
123.7435
120.3103
121.644
117.545
122.6081
126.0874
125.3781
121.8158
124.8705
125.1534
126.1907
122.4938
128.8668
125.2603
125.0509
126.354
123.0723
126.6847
128.6868
129.944
131.4084
129.9683
125.6927
138.3025
125.8374
128.4117
127.1735
125.6421
138.3611
132.0355
128.7573
133.0827
135.7252
132.5371
129.5954
128.6618
129.4874
134.2198
132.2712
129.2968
130.2844
128.0811
125.9455
132.2195
131.552
121.3575
125.4124
131.2348
127.027
126.5423
126.2108
130.0384
125.1922
123.7339
125.0347
128.6855
128.0561
127.8987
124.0484
123.6155
124.6966
126.7918
130.0392
128.587
121.4679
128.0757
126.1576
128.344
128.2404
132.0794
127.1458
132.4167
125.2685
126.4528
129.4488
127.5615
129.1554
128.3482
131.9411
130.9933
131.624
129.5302
127.2676
131.1967
130.7972
133.8492
127.81
129.7508
129.9195
130.9038
134.7592
133.7227
131.2602
133.8727
137.256
133.8306
133.9409
127.9377
129.6539
126.0544
174.3709
198.4233
199.8514
177.4054
176.7652
144.9653
112.8655
117.7934
121.5291
123.6925
121.1672
116.0351
114.3852
120.7706
123.8593
127.3074
123.6473
127.3985
124.1456
118.9416
118.6909
121.4965
128.5606
124.9627
140.5892
168.7555
166.5339
161.4284
154.6854
141.5936
143.8544
138.4325
142.4663
141.9325
142.9395
140.4664
142.7365
148.4861
178.7337
161.9862
136.2947
159.9942
159.5558
161.0912
162.6122
165.548
157.5209
142.4399
149.2176
151.8587
146.0943
153.2308
151.984
145.9764
148.446
144.5997
156.8073
201.7209
165.6853
149.4652
122.1959
121.9761
120.4986
124.7063
122.2626
124.5334
122.0656
128.6127
128.897
123.8645
129.0204
128.9474
131.1346
132.4334
135.3664
129.1351
130.7512
133.5819
133.5115
136.4845
129.4704
124.1477
157.1979
165.1573
167.7259
178.8304
143.6829
162.1898
151.0147
144.7591
169.3022
165.114
164.3779
166.7142
199.1298
195.0143
200.7954
198.1568
169.52
182.2019
181.7136
180.6932
182.6785
203.2541
186.5716
181.0316
169.9763
168.3518
147.8084
155.8134
151.8195
147.5254
151.5108
144.3261
144.1003
169.3242
197.5268
178.0601
139.8493
134.239
130.9102
129.5386
127.8197
134.7604
130.5625
134.4132
136.5498
134.5961
133.6374
128.3971
131.7668
133.2262
129.7747
129.567
125.784
128.9265
129.8781
135.0139
131.1431
149.3256
201.0463
206.5894
210.2507
207.6999
203.4408
208.3466
205.2104
205.2219
204.1848
204.2002
201.0613
201.4789
202.8687
202.6719
205.2187
197.9165
198.9415
202.925
202.9836
200.9662
197.7931
194.041
199.8591
204.3178
199.6422
197.75
198.4009
184.6756
188.428
202.1327
183.6466
168.6649
200.143
195.8187
191.8438
160.8752
136.0042
135.0384
133.016
127.6225
133.5372
137.9385
139.0737
130.207
130.3404
128.6673
129.3596
131.3331
129.9343
127.3444
122.7387
126.5812
128.7135
127.8692
128.969
129.3722
122.8942
160.7325
201.1781
171.3335
172.0259
171.1114
190.6429
170.0726
173.8296
197.9312
196.9216
196.8108
186.2747
171.7961
171.5897
196.298
188.8358
158.5326
169.5133
166.7356
167.0839
157.2422
169.5446
175.5924
173.5592
159.4185
161.5943
159.2213
167.3644
149.6997
144.1255
147.1233
145.9319
145.9912
161.0465
175.6441
144.9206
129.8441
125.5388
131.8539
129.118
126.8859
128.5736
131.7589
132.688
128.4098
130.1667
130.496
133.8908
130.5741
131.3028
125.5452
121.1905
123.5847
129.4251
133.4915
128.1852
130.0684
130.2714
142.0434
155.8482
146.3079
145.8981
143.9643
140.1797
122.7037
127.6986
150.5838
147.483
146.598
150.3404
148.0007
147.7409
144.514
134.6214
129.6658
149.4314
146.5013
145.9057
146.0336
138.315
142.2691
147.259
145.0061
145.8118
134.8799
145.4709
147.5032
143.6519
133.2164
135.9221
146.5692
141.2428
139.0025
126.249
131.4399
128.7161
129.5641
132.6535
126.9025
124.5668
124.9854
124.7911
127.1258
126.0333
126.4726
122.2204
123.1922
130.622
123.7037
120.6273
116.9927
116.3995
116.1525
120.078
132.411
126.4555
116.6318
119.1256
121.7569
122.66
124.4198
127.1968
125.2551
129.8325
128.041
128.4306
129.6212
126.7066
130.3419
139.5223
133.9566
135.2212
134.0379
131.7368
132.5379
134.1939
133.7737
130.9128
127.0517
126.2374
125.0514
121.9551
125.2614
124.4784
123.6825
120.5585
123.9279
124.7118
123.619
122.2836
128.873
136.3833
132.5563
133.4447
128.1668
126.8187
132.1121
132.5455
133.5285
135.5931
132.6665
122.3997
119.5849
127.8952
126.2155
131.1563
129.7898
122.3675
124.5015
123.4527
123.1413
130.7853
134.5747
133.8572
130.0444
123.8373
127.8538
125.3325
131.1644
126.8082
127.0305
125.8653
125.4791
124.1876
127.5816
124.4746
124.8571
127.0444
124.4447
132.8874
129.8384
125.4682
132.8152
132.4457
133.3751
129.7951
131.2916
128.661
132.3843
129.2336
130.66
124.8082
129.6204
132.1734
128.5843
132.3715
131.248
126.8244
148.7728
128.938
125.4397
123.1659
124.5308
100.3472
103.6503
128.4987
130.8892
125.2422
128.1114
127.3095
123.646
130.467
132.6895
127.8452
126.7896
125.5746
128.4891
130.5961
131.1455
133.1042
130.2646
142.7986
152.8801
179.7067
166.6603
125.9231
127.788
129.5473
129.2631
131.1167
129.1417
131.4855
132.0358
132.742
128.4889
131.3085
131.2397
123.1711
126.8955
127.0587
128.4452
129.9202
125.633
128.561
133.0219
132.6942
130.2203
130.327
129.9476
124.5157
129.7056
131.4089
125.9701
131.9483
127.7094
125.1539
131.7792
127.4782
125.9885
125.3857
127.6719
131.3875
131.7462
127.1993
134.7096
134.6826
146.4011
175.4151
166.8566
180.8604
190.2448
177.0666
179.061
178.0277
201.8181
198.0938
197.3415
198.027
199.5916
198.1332
201.4719
200.7917
197.2903
201.5625
197.95
183.0666
184.8191
182.182
180.7168
159.761
165.8846
164.3671
146.7127
154.2176
154.7505
145.7596
148.2069
146.9395
171.6928
166.3905
156.8539
142.2799
127.7616
128.8963
134.7292
130.1209
128.3293
131.5479
134.2266
132.0099
130.1672
132.5576
124.9294
128.9948
127.7518
128.9837
130.8656
128.4313
128.8354
127.9838
127.901
129.9113
131.1202
131.349
133.1976
126.9473
122.0902
130.7215
126.0295
126.969
124.0368
123.6069
128.7505
126.6707
127.5765
126.591
126.9977
125.0675
129.7667
129.2795
127.1111
134.1573
128.1947
131.7533
137.6878
136.4945
128.6263
125.1881
127.953
129.0301
127.0805
128.7811
125.5766
125.4601
127.2447
122.5108
117.6871
122.0367
120.1654
122.3035
123.4624
119.2899
128.2106
126.8235
134.2179
132.5306
133.8792
129.6418
123.977
129.4818
127.4541
128.6593
122.3243
128.4004
124.7123
125.6601
120.651
121.2384
123.5679
131.5324
129.7373
134.3398
131.2646
126.5717
132.8924
131.932
130.1961
128.0541
128.3319
128.5991
121.1704
125.682
125.6041
125.3963
125.616
124.1642
128.3962
130.3216
133.978
135.1989
132.6964
133.7873
132.5283
127.1548
126.6785
126.77
123.5427
125.8115
125.8114
122.06
123.1665
128.5654
122.1704
126.2221
121.2333
122.8539
124.3023
129.2526
129.3809
131.6266
130.1392
118.6089
133.1574
126.1385
123.8324
129.5217
132.1565
128.079
123.6452
132.1907
130.8373
129.517
133.7321
133.0991
125.0062
130.909
123.413
121.889
116.8108
130.1581
167.9686
176.7159
159.1046
150.5741
157.9363
158.5629
148.2887
159.9143
158.981
186.373
191.9879
191.6481
194.4196
195.1967
180.1614
159.2583
190.4951
161.1237
176.954
181.9694
152.225
154.1563
145.3217
134.0416
134.7829
144.4624
150.3556
143.465
142.6359
143.5382
136.0244
134.2561
145.2077
161.3504
147.5905
136.2062
136.4028
131.6501
133.6004
134.0634
130.9006
139.1151
130.4424
130.9772
129.4361
131.4032
134.6808
131.6674
127.2978
126.2391
126.6427
129.3473
140.149
131.5367
134.6872
134.4032
130.4441
129.7373
129.7704
135.3984
131.1794
127.7754
129.894
124.5365
129.4111
130.0803
130.5464
131.706
157.9319
204.3832
205.3617
204.0695
151.6611
127.3939
131.4786
131.2014
134.1643
128.3522
132.8024
135.245
132.649
129.904
131.3286
127.5714
128.4946
124.2484
128.0754
103.1246
111.2726
118.1759
135.0569
122.2351
118.7145
121.8745
120.931
122.2974
124.5259
118.2358
118.3264
122.1286
117.13
119.0936
117.746
122.8349
114.9307
126.1095
121.8348
125.1152
121.7271
122.0002
121.487
121.1776
122.3773
126.1213
125.8385
124.602
127.3487
128.3191
123.5978
119.7024
124.9971
121.6819
120.3703
118.375
119.8839
122.4203
122.5124
127.052
126.8134
133.1576
129.5018
136.854
126.3239
126.2139
124.9851
125.8294
126.1677
125.6484
124.8431
126.569
124.5554
124.1701
122.9259
121.3247
122.7757
123.6946
122.6496
123.6995
125.6214
131.313
130.396
127.6121
121.782
123.1456
124.39
120.3096
125.3871
147.3371
186.3872
205.9389
183.5846
185.3153
186.1184
166.0797
140.3955
142.9104
128.5379
124.5008
121.9098
129.5071
123.5105
125.0717
130.6542
127.2659
129.4764
128.4687
128.4134
129.0167
130.8833
129.2637
124.4987
120.6295
121.6768
123.6074
122.9954
121.9682
127.2324
129.4949
125.2115
124.1857
125.5818
129.2212
134.761
136.5416
129.1049
127.8118
130.7528
128.1466
128.3152
128.2876
129.8456
126.8016
130.3377
129.6108
127.0151
122.7092
128.3914
133.8396
124.9048
122.1384
124.2367
123.3689
124.0988
124.2554
124.9633
125.0867
125.144
128.3804
126.7462
127.7682
125.4706
123.8087
122.5612
126.1787
123.8715
126.0795
120.1834
127.5144
119.487
127.6358
122.0969
124.4763
125.5985
123.954
120.6548
125.3197
122.1667
122.1065
120.6239
121.0494
118.9103
117.93
124.6507
179.0878
211.5239
195.9243
146.6205
123.8141
131.2907
126.6196
122.2561
121.9234
124.0854
127.7073
118.1691
123.0842
123.3152
114.8743
120.6017
117.069
112.5324
115.4442
114.9776
125.359
123.4537
136.0516
192.5175
194.6411
162.6688
169.6645
205.168
216.528
207.5158
205.477
206.997
206.3166
206.1344
206.5098
204.3791
206.4425
210.9269
205.944
207.9417
207.9277
208.6949
209.463
209.7163
204.6221
206.5734
184.46
161.5303
142.1743
141.5224
145.6329
145.184
145.6176
141.0933
140.0363
139.5123
143.2996
168.3216
132.9896
121.6715
120.1316
121.3011
121.2883
119.9364
123.888
123.0052
121.323
120.721
121.5316
124.7976
123.6594
124.649
122.6423
118.065
115.9379
117.3514
118.5742
118.7652
128.8009
121.7002
129.4852
156.3696
145.2206
146.7966
147.2499
163.6351
200.0929
165.1787
180.4563
177.2515
190.9237
186.7106
185.7264
183.9274
207.5713
189.8558
145.5271
147.437
144.373
146.6003
146.2252
144.7537
144.1898
145.3918
144.1889
147.455
141.82
144.9939
144.609
143.5214
145.355
146.1388
143.4913
142.435
139.5649
141.5372
124.1962
124.0503
124.0426
124.0251
123.9531
132.4135
129.2736
127.7977
126.8021
128.1883
124.6831
124.905
127.3832
125.7938
128.4329
123.9251
122.0406
125.3597
125.1286
128.6262
118.3432
124.018
143.8453
143.3995
143.1891
140.6282
141.0267
142.5191
145.8232
144.4464
145.5629
146.0733
163.8675
163.1766
166.0542
173.8668
209.5349
168.3439
142.4718
146.5155
145.9377
149.3074
154.1972
150.4307
152.1641
148.4933
150.4497
147.6758
140.883
151.4546
148.5346
147.9997
149.0605
145.2778
145.8595
139.0356
137.8332
129.153
114.7208
118.1488
122.4987
118.7944
122.3578
125.3389
122.2543
121.7976
125.6176
122.8847
124.5911
126.1509
121.2133
120.8456
118.8295
114.6941
120.7015
124.6133
119.2471
123.1727
124.1144
125.7397
159.4174
150.7433
143.8561
146.2157
139.934
144.175
141.3221
142.8982
178.1209
183.2397
170.4465
144.2521
144.3856
184.1229
206.2663
171.3265
192.6559
200.5706
157.0897
145.7068
147.7588
163.4157
149.7299
146.3376
150.3449
143.1125
144.6103
145.0124
144.3387
148.412
148.8697
147.2106
149.1183
143.8277
145.1832
122.8782
120.5336
125.932
121.752
116.5837
123.0838
123.8672
128.8395
133.9542
130.9641
128.0977
125.7387
122.7693
128.2247
126.5762
126.3941
128.9865
128.9875
129.1992
123.0664
126.3311
124.1326
125.8956
158.9628
165.2637
194.9656
185.7977
185.9296
207.6649
202.5094
206.22
205.1469
206.3679
205.3047
206.9968
207.6405
208.925
203.4056
207.345
208.5354
206.8923
209.0636
199.9219
203.0019
206.2034
170.3457
146.7471
149.7871
142.7649
147.3769
145.9841
145.4793
147.0332
142.1377
145.1226
147.8967
161.8278
141.2
119.5708
118.7807
120.576
117.4216
130.9803
129.4689
124.7592
125.5872
129.355
126.8924
128.0001
130.9198
128.8958
124.5215
127.4264
127.0783
129.9806
127.5967
128.8875
128.4986
124.7988
125.0052
122.8683
120.5696
125.9698
123.8462
121.8933
125.604
123.7934
126.5487
127.7762
126.8737
128.7385
126.8132
126.4276
126.3364
126.5089
126.629
130.3385
127.7926
129.8089
127.7734
128.8717
129.4429
130.823
131.3745
129.0901
122.3815
125.206
127.1362
126.343
126.5415
124.8858
123.5494
123.6711
122.8491
126.338
130.1274
126.3971
128.9894
125.8564
118.9074
131.5314
128.4617
133.713
129.6544
131.5554
126.55
127.428
128.7915
128.6719
125.0978
126.4134
123.9037
122.8755
127.7649
129.7508
126.6827
129.836
132.0262
130.2897
126.021
133.0632
121.8205
130.9132
133.677
127.5206
129.0719
125.6461
125.899
122.3992
123.601
124.5912
132.3761
133.2269
128.9672
130.4217
129.5882
132.1724
131.7793
132.5526
132.6801
136.2335
131.7545
136.974
130.8751
126.658
129.5722
129.1634
129.6971
125.3816
125.1545
129.7403
126.3481
129.8313
128.907
127.9173
123.9706
126.6979
120.5149
127.5219
128.0145
129.6178
127.1644
128.0584
130.519
131.3372
131.932
132.0073
131.8353
130.2016
127.8578
130.4977
126.6511
128.0859
125.9948
126.8424
143.1406
145.4904
172.0044
204.3008
199.8727
201.09
200.3361
200.6098
201.5105
199.6658
201.0367
196.3836
199.3659
202.8544
199.3886
197.9738
198.1964
199.2008
201.9561
200.6494
197.802
163.9843
166.737
145.9859
143.4283
141.3187
148.6119
151.1484
146.6176
148.1714
149.6888
148.297
152.9066
149.2744
149.0876
133.3999
134.6924
138.0537
124.7743
123.703
127.5361
126.1925
132.712
135.5327
130.7612
127.099
127.8567
131.331
130.157
131.8414
128.2675
129.6682
130.2375
127.3282
129.2228
129.0914
126.7478
139.3372
156.4383
145.1104
165.6651
188.957
206.2037
206.2652
203.9495
208.8519
205.736
205.5709
201.4836
200.0672
199.7113
201.3686
197.3955
205.9118
203.2763
198.4479
198.8452
202.7331
205.0905
205.568
199.6192
209.1707
205.7213
206.6813
209.9848
207.4183
204.8376
207.658
165.917
148.4272
149.8407
179.8057
194.6894
167.1609
119.9505
124.0778
123.67
126.9337
124.7261
129.2116
132.6818
136.4264
136.7691
134.781
134.3816
134.0107
129.6616
129.6918
131.2294
131.6158
128.9857
128.9154
128.9638
123.1754
119.6858
144.4368
159.7232
168.1293
200.6518
201.5623
200.9882
198.2171
202.1123
201.1533
204.1454
207.1755
205.9231
203.7942
203.345
204.3566
202.4469
205.4941
204.3277
208.3174
206.4994
202.3576
200.6101
204.3344
204.1449
203.9946
167.4356
148.0358
148.4627
144.1628
147.8824
154.5665
148.4846
150.8468
158.5311
195.5902
192.4788
177.8408
134.6367
127.204
124.0661
125.3655
126.3303
132.6389
128.267
125.5637
126.3804
125.7298
130.2731
130.1782
128.1
125.0077
125.3047
124.3685
125.9994
126.4395
123.7127
124.5091
143.0446
143.439
164.5829
179.2739
193.6414
200.7596
203.5294
195.7105
200.0589
197.8286
199.0499
198.8743
196.6819
197.4202
201.9732
199.5591
166.7811
197.8593
186.5068
173.3943
165.6641
192.0595
211.7093
199.8097
201.232
199.6391
194.8723
202.0371
194.8466
192.285
196.3179
199.1634
205.4686
205.6812
200.8456
197.6017
200.5118
180.3184
188.5408
175.928
127.7269
137.1876
141.3054
132.1754
133.2888
133.8389
125.0877
124.7058
129.6989
128.4992
126.2723
129.3968
126.6417
123.438
127.3657
132.0988
133.1436
128.3268
139.321
146.9586
166.3171
202.2919
201.6906
201.8057
200.843
199.7582
202.0044
201.9261
202.097
201.1641
200.6813
201.6658
203.195
202.0358
203.0024
105.3757
103.4807
123.0284
127.8934
147.7538
147.3728
166.0506
188.2431
209.0507
208.854
212.4487
208.7843
211.021
205.653
205.4704
204.308
204.6293
206.2697
208.6459
205.5892
206.3914
208.7
203.4555
204.8079
205.478
205.2715
201.0761
168.3642
154.8148
141.4962
136.4876
139.8512
144.7929
143.3225
146.3957
142.6501
151.9649
150.7303
204.4022
193.5461
145.7745
136.7558
126.7283
127.2393
125.177
128.4027
124.9035
126.6872
128.836
127.1071
126.9024
128.4444
127.05
123.0248
125.7697
123.449
119.9787
121.2929
120.6038
122.6205
119.7565
124.4819
140.4192
143.4003
179.1747
191.4346
186.5464
210.3093
207.1672
211.7392
207.9708
208.7881
207.8234
205.6034
207.4875
208.3861
210.5485
204.3588
205.1486
206.008
204.825
207.9576
205.6732
206.5414
206.1255
204.366
211.4152
157.3457
142.5948
139.1324
136.5754
139.2815
141.237
140.3765
143.945
164.4105
169.843
177.7961
147.7464
132.7892
126.3434
124.182
123.9861
131.5511
132.4602
130.058
127.9144
125.1113
124.5275
123.2375
128.1976
126.8477
127.8979
125.6401
126.5821
128.0311
128.6208
125.2466
115.4405
120.9743
118.2165
121.1648
120.6022
118.9288
124.2466
122.0898
123.3124
126.9832
126.4056
126.9218
128.5281
129.2471
123.6157
127.1734
122.1323
119.7339
123.3068
124.2428
123.0729
121.604
122.7869
122.6699
124.5642
121.8011
125.308
124.42
125.1773
121.8445
123.0613
126.5248
122.2949
126.2128
128.8376
124.5579
123.1701
125.2507
125.6354
125.1454
125.5602
121.4755
129.1025
125.7433
122.3786
126.4915
127.0512
127.0096
124.6892
125.7015
126.5844
123.0077
118.9492
123.4228
123.9488
122.6436
125.9927
130.3888
129.9259
124.2744
124.1602
130.0978
117.2905
124.5729
121.7642
118.5379
120.2973
120.4262
122.0891
120.8311
121.4738
126.8964
128.058
124.8713
128.5348
129.8314
126.7109
128.7181
127.9855
126.9847
126.4046
122.9721
124.5663
123.744
121.6897
125.1641
122.338
124.0904
124.933
124.119
120.9464
123.3535
123.623
121.8091
124.9597
122.1601
126.4617
124.2551
124.9014
127.352
132.2704
135.1614
133.4161
128.1065
128.6779
131.7828
133.9369
130.0797
129.6537
127.8407
121.196
120.5157
127.6705
124.9806
124.9014
124.3733
131.4979
142.3864
146.0056
163.5866
180.2898
180.7925
182.427
179.352
185.7858
199.0536
199.1073
198.4633
184.6675
194.31
203.8702
200.2117
206.1726
203.559
180.1171
185.6811
166.5198
191.5106
196.3371
180.6064
148.7965
149.0746
141.9843
143.933
146.1577
146.9152
146.1938
147.0957
148.4609
152.3891
170.5887
170.8519
201.1219
160.5297
129.7226
126.3619
126.2844
127.1553
123.4685
121.7912
129.6252
131.117
126.0423
125.1268
130.1069
130.5342
132.2791
129.1634
125.1809
127.0987
127.9823
127.575
121.2903
118.3807
126.1962
133.997
184.234
184.3867
181.7498
185.7042
181.4509
184.5006
181.08
183.4859
188.6883
186.1676
182.2948
106.4483
107.869
111.1732
109.9286
109.6333
109.6227
107.5181
110.9699
112.8653
109.4519
110.1562
110.3844
110.7664
109.2097
110.0868
110.1245
110.1712
110.7854
110.1454
109.4116
109.8937
109.4451
109.7846
110.1223
110.1654
110.4207
109.9854
110.0527
109.9933
109.5362
109.9305
109.8533
110.0477
110.1472
109.4161
110.0948
110.0988
110.2076
109.7882
109.9704
110.646
113.4451
109.9775
109.7806
109.4679
110.4277
109.656
110.0627
109.2746
109.8374
109.9029
110.0713
109.798
109.9731
110.788
110.1584
110.3018
109.9836
109.8752
109.8447
110.3309
110.1339
111.0043
109.9219
110.4151
110.0155
109.9335
110.2073
110.2067
110.1575
110.7847
110.0636
110.0948
110.4288
109.5188
109.7591
109.8245
112.135
110.6819
109.9404
109.9435
109.8905
110.0156
110.0524
110.0248
109.8695
110.0508
110.1645
109.5483
110.3658
110.1821
109.9682
109.6397
110.4969
109.8593
110.2341
110.0439
109.927
109.8663
110.157
109.7597
110.1466
109.8295
109.9815
110.0185
109.9238
109.9131
109.8154
110.1477
110.1078
110.0239
110.0391
109.9441
109.7914
109.9139
110.0423
109.925
109.9717
110.1604
109.8141
110.1748
109.9207
109.8809
110.0403
110.2916
109.9092
109.6707
110.09
109.6576
109.8236
109.8376
110.2021
109.9556
110.0843
109.9345
110.1058
109.8717
110.0405
101.4484
115.1924
114.2459
110.5232
108.7478
108.9433
109.7238
109.4666
109.898
109.8915
110.1433
109.9157
116.6346
110.2493
109.2485
111.0168
154.8555
152.4029
157.7423
188.565
183.6205
135.1554
106.7927
110.2962
110.2108
109.3908
109.862
110.0724
110.2659
110.8365
110.0541
109.7336
109.7584
110.6713
110.6813
109.9936
110.162
109.8962
109.966
110.1251
110.1475
109.7989
110.2567
109.4861
110.1026
109.6512
110.0342
110.0265
109.8923
109.6917
109.8995
109.934
110.9142
109.7449
110.077
109.2326
109.6339
109.9173
109.7547
110.4114
125.2479
173.1677
194.2055
220.7525
167.4714
170.482
170.3452
170.1972
170.3098
170.2326
170.2072
169.6952
170.0035
170.311
163.7084
149.4444
132.4236
114.4456
108.2252
109.7989
109.576
109.2726
110.2439
109.8309
109.3479
110.2532
110.058
109.6246
110.1327
109.7861
110.0197
109.9175
101.3204
126.0424
140.7992
135.1637
135.7514
134.4949
146.0154
140.1619
137.6514
133.4944
135.9337
141.0675
142.4437
137.9058
126.9689
114.0518
122.3996
115.1539
113.5719
126.7536
121.9096
125.6943
125.7738
128.7439
125.1861
126.9292
130.4218
130.1669
130.873
130.9813
129.8492
133.2515
128.8568
127.7203
126.9573
131.2832
131.3789
130.5848
128.4452
122.4203
125.5981
119.719
125.9543
126.6808
122.8051
127.6559
126.4883
127.6254
127.5012
124.9573
124.3414
127.7474
128.347
124.4024
125.7898
128.7269
131.0581
131.4324
131.504
126.9179
123.884
129.1808
126.5542
124.8636
125.8142
128.1634
127.3701
127.5881
128.0313
128.476
150.5001
157.1967
123.0685
126.4383
118.3231
128.293
125.0378
125.4582
121.0387
124.2127
130.5001
131.9569
132.8796
128.0884
127.6961
132.4646
129.8629
131.2298
129.8471
118.7438
116.8042
124.6146
128.2283
126.3108
119.9587
146.5558
128.9093
131.1765
135.1942
130.7061
129.2418
125.3372
126.1575
126.1096
127.2446
127.4583
127.9116
129.7292
127.9581
124.2081
125.1435
125.8537
126.0134
124.8758
123.0119
130.8774
128.5281
125.3461
126.5519
129.5654
128.509
132.0536
129.5885
126.4067
127.5038
130.3891
127.2723
132.7684
129.9572
125.0632
127.2287
129.4797
131.3449
127.2897
127.356
131.4571
124.1479
131.7515
132.765
131.8566
134.2863
131.5652
128.5279
120.8385
124.6702
129.0983
129.1685
127.9051
125.2743
121.8263
128.0934
129.6813
127.0115
139.2231
142.3507
155.6229
155.6481
161.5269
179.1277
183.1371
185.0716
186.0222
190.6595
189.7294
184.4463
188.8571
203.1124
181.7415
173.7024
195.8806
200.8877
197.2817
191.6579
169.6437
174.981
168.8916
135.2858
139.4287
133.2112
139.7594
141.269
139.9295
152.7499
187.0074
191.9508
207.3355
194.429
145.947
128.2119
126.5315
127.6175
126.2413
125.0411
120.1739
118.0174
119.8645
124.5449
128.1007
128.5937
123.5967
128.9495
127.9693
128.0046
130.4647
126.9778
125.1024
121.4619
119.2215
121.2119
128.7511
112.2125
106.1972
111.5641
110.5164
110.542
120.9633
102.0431
129.6394
109.3204
108.4961
108.2996
110.3934
109.3703
109.8576
110.0035
109.8513
110.0053
109.6392
110.2437
110.1194
110.0548
110.0892
109.6339
110.3612
110.2983
109.6152
109.7225
109.8853
110.2556
109.3693
110.3681
110.0027
110.0331
110.137
110.0214
109.8496
109.901
110.4388
110.0086
110.1154
110.2224
109.9915
109.7536
146.7706
199.9331
202.2972
202.059
201.6393
202.1258
202.1434
201.6392
200.5472
205.8341
210.3023
199.7097
201.8565
200.2288
200.2828
203.3722
202.6702
199.6901
167.5025
127.9217
122.2156
132.1464
121.1044
125.266
131.2716
133.2299
128.2691
127.34
125.8713
126.9035
128.2706
130.181
130.4111
130.5768
134.2626
130.5035
129.6056
124.958
128.3442
125.139
128.6125
123.2217
118.546
125.3178
141.9333
145.7044
147.1738
143.4479
146.6424
145.3899
147.1031
145.5265
148.7752
168.8198
221.9702
220.8728
220.3105
220.6042
220.7107
220.4122
221.5512
220.4299
220.6926
220.9042
220.8049
221.0593
220.9437
220.4585
220.5211
220.21
220.5075
164.5961
164.5525
167.1781
140.6932
127.0855
126.4254
123.4643
128.9255
121.8464
125.6304
123.3092
124.4717
125.2384
124.5548
127.3129
127.9439
128.6899
128.2506
126.6088
127.2085
127.3379
121.0204
123.1104
123.3249
127.623
128.6401
128.1039
125.1943
123.8973
125.4683
124.0192
123.4446
128.8904
129.7627
128.9619
132.5955
130.2996
129.7138
125.8563
126.5662
130.5614
131.847
128.6777
133.3087
131.7534
132.1313
128.0349
127.7862
127.8489
129.1136
130.4265
130.822
127.9611
128.8943
126.0206
127.0176
129.8937
127.0149
134.9114
130.1492
125.7811
120.1929
119.4464
121.5252
121.511
124.7876
120.3488
129.6187
129.9558
137.0186
132.3586
127.0184
128.4853
130.341
140.2568
132.4091
128.6904
133.8108
137.3787
128.7116
132.0055
131.0824
131.1928
128.1523
130.0849
127.1049
130.0302
127.2752
118.988
128.169
128.8433
125.2021
124.9873
121.2036
122.3589
125.8457
125.1526
123.7902
126.8359
127.1106
124.8561
124.8656
122.9818
122.5657
124.2133
126.915
126.6732
125.9916
125.8855
128.0911
125.1698
124.3912
127.8011
129.0091
124.7566
127.049
129.2365
110.6669
125.1375
121.2381
129.9378
133.0974
134.8597
134.3457
131.9292
130.0002
133.426
132.4055
131.9711
135.2015
131.2545
131.8757
130.4297
129.9025
131.1737
133.1567
129.6775
130.1206
129.6154
127.4653
126.6658
124.9321
129.5049
125.7957
129.0364
129.7538
131.1375
126.7935
133.4561
130.6028
135.4725
134.9665
130.371
133.7229
132.8294
127.1127
123.8702
126.9449
123.092
121.9727
123.3629
124.8998
122.6113
122.6895
125.2694
129.2694
127.1795
131.0551
130.2646
123.6525
126.1023
128.9245
129.2301
129.0282
130.0582
125.7571
131.8696
134.9115
128.0915
132.7111
130.518
131.7618
129.2684
128.5216
131.3707
125.0702
129.9358
129.1767
128.5905
127.6434
127.9529
126.3788
131.7986
130.3238
125.2384
142.4861
141.6232
130.1743
126.3446
127.0838
126.4584
128.5175
127.9378
130.0377
125.4926
130.8259
131.0121
126.0058
128.5594
129.8886
145.6397
152.2281
136.6637
131.4728
133.5696
133.065
142.3105
135.3855
125.7953
127.8752
127.9715
132.2498
134.5426
134.0545
127.4804
131.6086
132.2945
128.616
128.5925
132.9396
130.834
131.2608
126.5342
131.7898
130.806
132.0899
131.481
131.1687
128.9344
132.7816
130.5006
130.1527
129.4779
128.7704
132.4325
128.4097
127.0802
126.644
127.1902
127.2404
127.7956
130.4697
132.1926
129.7752
133.4594
136.5411
134.0365
132.3712
132.1774
132.0087
132.5793
133.3009
128.0806
132.6635
127.0048
124.7749
128.4543
133.7519
135.1794
134.8158
129.4684
129.4532
126.2076
129.1345
132.6503
129.3011
133.375
131.2534
130.7648
135.5829
135.9608
132.0311
131.1306
132.1339
129.8874
129.711
131.2523
130.808
129.6566
130.692
128.632
132.5959
131.2806
119.031
128.7746
132.7804
133.5865
127.4906
125.8549
128.6554
125.8081
125.8119
127.4382
128.97
129.6942
130.0122
127.0684
130.3274
128.788
126.4806
132.3591
130.9561
133.1
131.795
132.2262
132.6981
133.2651
132.3615
135.1103
130.5012
131.0042
133.3053
128.3603
127.1379
128.5098
143.0337
162.2781
140.9104
123.9844
126.2087
126.4691
138.9784
133.9313
118.4693
134.6879
128.4209
132.8756
130.8747
128.3405
126.7483
130.4517
131.0501
126.5913
129.603
126.4479
132.5052
129.0598
128.3759
135.6722
136.9796
135.3339
128.6601
129.7453
135.186
131.8151
129.0152
128.7811
130.2836
124.7565
126.3596
126.5621
126.157
126.3376
125.673
122.6934
127.2221
124.4384
125.7956
125.2841
125.8855
127.1412
126.3352
122.2659
125.1932
123.9824
125.8801
125.1027
127.9337
130.353
130.0232
128.5858
130.3485
134.2914
139.3266
134.8554
139.7592
132.3961
132.2527
132.5288
138.8729
134.134
134.3645
133.4778
131.359
127.8345
132.1567
125.4423
125.9227
124.5754
122.8146
122.8564
127.5107
126.1377
126.4052
118.8143
121.8824
124.4957
134.032
133.9354
131.0546
125.3027
131.8669
131.3603
132.6194
134.6761
122.9918
127.7653
125.9598
130.6775
136.7984
134.7269
129.6601
129.2923
128.8907
126.5207
128.2584
128.573
133.7777
129.5958
127.911
131.8492
129.858
128.7537
131.8975
134.2753
133.674
131.6511
129.8944
125.3721
127.4106
130.2016
133.4224
127.7365
129.7373
138.5681
131.9744
139.4965
126.1729
126.5673
123.2212
127.3762
131.2647
132.0331
131.4393
126.8033
130.2438
132.5242
131.247
128.7343
132.7333
131.8399
130.3283
126.4967
126.802
131.0858
126.6389
126.8542
129.2887
128.4928
128.29
126.3886
128.1701
128.2818
123.9567
129.4372
123.9803
127.0923
126.8482
124.9659
126.0037
129.8004
130.6926
127.8477
129.4187
128.5085
127.4462
130.7066
131.5649
128.5006
129.1806
127.91
127.5434
124.9895
132.4381
131.4529
129.8086
133.3483
132.6303
142.1015
165.3755
129.5555
117.648
125.1336
123.1611
128.9005
131.0249
127.4753
123.5894
127.5185
125.3377
125.264
129.5318
130.5253
132.9698
131.8552
129.8687
129.8506
131.0267
131.0974
131.9285
130.9155
131.6754
127.5518
126.0929
128.4281
129.1996
126.9612
130.6181
126.6396
131.3687
125.8111
127.6938
130.3424
127.8854
127.0079
125.9565
130.1582
128.8314
129.1811
130.845
131.6447
129.4442
131.16
129.8529
133.2417
133.102
132.7015
133.0143
133.1134
130.9988
126.4184
142.4548
136.3402
132.0407
131.5421
135.0495
133.6466
125.9527
123.0507
129.6239
125.077
127.5189
129.8443
127.1838
128.1446
128.0708
128.7829
124.4675
126.3669
126.7905
125.143
127.7331
125.3104
125.5452
125.1965
129.9698
128.5791
123.9153
121.4227
130.969
122.3482
122.6971
122.2946
122.7912
122.4611
125.0285
129.0317
127.5924
130.7744
130.6822
124.9557
142.8269
155.1533
124.178
146.6995
200.4932
199.6075
148.4467
121.8999
154.7723
177.8789
163.5756
124.3159
123.4252
126.8134
122.0689
125.7546
125.5683
136.65
135.2262
147.642
193.1476
209.4362
210.107
212.2797
173.3422
135.6806
133.3851
129.1031
125.002
124.3064
121.7418
125.2415
125.1704
128.1385
126.4506
126.907
122.7506
126.069
125.8009
124.3463
124.2796
123.6145
128.0088
127.6844
122.9279
123.8926
128.2004
135.9149
145.5188
145.322
154.3634
176.0366
185.0122
197.447
201.1575
199.9555
203.1318
203.9311
208.0776
202.598
205.1039
204.0927
206.0892
203.0836
174.4725
176.2086
177.872
192.9522
175.9371
174.5522
162.9222
150.5618
145.0789
144.5352
139.3129
143.3164
144.2257
159.6996
211.1821
207.5271
196.7372
199.3488
156.6252
157.1744
154.1122
123.6475
124.33
125.2451
133.2834
130.0966
130.7832
127.5534
125.3023
123.1025
126.8821
124.4935
126.7658
125.5934
124.9379
129.9649
129.5757
126.5646
121.377
127.2041
129.6466
128.0308
140.4429
142.4572
154.3066
173.3287
143.524
146.7025
189.3593
199.0883
200.208
205.6818
204.9912
205.043
204.3887
204.9326
204.0802
175.4886
196.2454
204.1848
178.7206
172.9191
173.5883
138.182
138.8537
138.3719
137.8138
132.7356
137.6343
134.7531
134.2734
137.8306
145.6482
171.9855
180.2268
184.4296
146.2921
101.115
109.3822
114.5781
147.3182
147
160.0159
160.2691
205.1441
221.1769
220.5869
221.0917
221.058
220.4649
220.7545
220.8975
220.9741
220.8743
220.9403
221.1182
221.0752
220.9488
220.8713
180.7937
140.2532
110.1004
120.1116
109.6821
109.609
109.7496
109.7487
109.833
110.0685
110.0796
110.2076
110.423
110.1322
139.6599
112.2005
109.7941
111.1334
111.238
109.7576
110.4778
109.4122
111.0821
109.4958
109.9945
109.5919
109.3849
110.0506
109.181
110.1321
110.817
109.9905
110.1039
110.6541
109.7506
109.9386
109.9156
109.9389
111.036
142.7523
141.152
140.908
140.8719
140.8184
141.007
150.7515
153.6416
153.241
152.8683
153.3543
151.7509
151.0335
152.2524
154.0175
147.1731
146.5109
147.1591
137.4696
106.5844
109.4131
110.5796
110.3177
109.7922
110.0743
110.083
109.4376
110.3332
110.0274
109.9222
110.0442
109.9502
110.3091
110.6019
110.5883
110.7923
109.997
110.0336
109.9734
109.6409
110.3123
109.9265
109.9697
109.9966
110.3937
108.7921
110.3835
109.6215
110.0406
109.4835
110.0476
110.1265
110.1448
109.8917
109.4467
109.8861
109.1129
150.3977
169.4288
167.8054
163.7981
163.0131
162.8609
163.1113
168.7841
214.6587
176.0836
169.7973
171.6075
182.4649
184.955