655.00 538.00 12800000.00 535.00 4750.00 32.67 58.39 25.63 15.38 29.90 28.45 5.60 33.53 9.27
654.00 538.00 12800000.00 535.00 4750.00 31.69 58.18 25.54 14.81 30.19 30.28 6.04 33.44 9.26
653.00 538.00 12800000.00 535.00 4750.00 31.64 58.11 25.45 14.78 30.14 30.23 6.02 33.36 9.25
652.00 538.00 12800000.00 535.00 4750.00 31.58 58.05 25.37 14.76 30.09 30.18 6.01 33.27 9.23
651.00 538.00 12800000.00 535.00 4750.00 31.52 57.98 25.28 14.73 30.04 30.14 5.99 33.18 9.22
650.00 538.00 12800000.00 535.00 4750.00 31.46 57.92 25.19 14.71 29.99 30.09 5.97 33.10 9.20
649.00 538.00 12800000.00 535.00 4750.00 31.40 57.85 25.10 14.68 29.94 30.04 5.95 33.01 9.19
648.00 538.00 12800000.00 535.00 4750.00 31.34 57.78 25.02 14.65 29.89 29.99 5.93 32.92 9.18
647.00 538.00 12800000.00 535.00 4750.00 31.28 57.72 24.93 14.63 29.84 29.94 5.92 32.83 9.16
646.00 538.00 12800000.00 535.00 4750.00 31.22 57.65 24.84 14.60 29.79 29.90 5.90 32.75 9.15
645.00 538.00 12800000.00 535.00 4750.00 31.16 57.59 24.75 14.58 29.74 29.85 5.88 32.66 9.13
644.00 538.00 12800000.00 535.00 4750.00 31.10 57.52 24.67 14.55 29.68 29.80 5.86 32.57 9.12
643.00 538.00 12800000.00 535.00 4750.00 31.05 57.45 24.58 14.52 29.63 29.75 5.84 32.49 9.11
642.00 538.00 12800000.00 535.00 4750.00 30.99 57.39 24.49 14.50 29.58 29.70 5.83 32.40 9.09
641.00 538.00 12800000.00 535.00 4750.00 30.93 57.32 24.40 14.47 29.53 29.66 5.81 32.31 9.08
640.00 538.00 12800000.00 535.00 4750.00 30.87 57.26 24.31 14.45 29.48 29.61 5.79 32.22 9.06
639.00 538.00 12800000.00 535.00 4750.00 30.81 57.19 24.23 14.42 29.43 29.56 5.77 32.14 9.05
638.00 538.00 12800000.00 535.00 4750.00 30.75 57.12 24.14 14.39 29.38 29.51 5.75 32.05 9.04
637.00 538.00 12800000.00 535.00 4750.00 30.69 57.06 24.05 14.37 29.33 29.46 5.74 31.96 9.02
636.00 538.00 12800000.00 535.00 4750.00 30.63 56.99 23.96 14.34 29.28 29.41 5.72 31.88 9.01
635.00 538.00 12800000.00 535.00 4750.00 30.57 56.93 23.88 14.32 29.23 29.37 5.70 31.79 8.99
634.00 538.00 12800000.00 535.00 4750.00 30.51 56.86 23.79 14.29 29.17 29.32 5.68 31.70 8.98
633.00 538.00 12800000.00 535.00 4750.00 30.46 56.79 23.70 14.26 29.12 29.27 5.66 31.62 8.97
632.00 538.00 12800000.00 535.00 4750.00 30.40 56.73 23.61 14.24 29.07 29.22 5.65 31.53 8.95
631.00 538.00 12800000.00 535.00 4750.00 30.34 56.66 23.53 14.21 29.02 29.18 5.63 31.44 8.94
630.00 538.00 12800000.00 535.00 4750.00 30.28 56.60 23.44 14.19 28.97 29.13 5.61 31.35 8.92
629.00 538.00 12800000.00 535.00 4750.00 30.22 56.53 23.35 14.16 28.92 29.08 5.59 31.27 8.91
628.00 538.00 12800000.00 535.00 4750.00 30.16 56.46 23.26 14.13 28.87 29.03 5.57 31.18 8.90
627.00 538.00 12800000.00 535.00 4750.00 30.10 56.40 23.18 14.11 28.82 28.98 5.56 31.09 8.88
626.00 538.00 12800000.00 535.00 4750.00 30.04 56.33 23.09 14.08 28.77 28.94 5.54 31.01 8.87
625.00 538.00 12800000.00 535.00 4750.00 29.98 56.27 23.00 14.06 28.72 28.89 5.52 30.92 8.85
624.00 538.00 12800000.00 535.00 4750.00 29.92 56.20 22.91 14.03 28.66 28.84 5.50 30.83 8.84
623.00 538.00 12800000.00 535.00 4750.00 29.87 56.13 22.83 14.00 28.61 28.79 5.48 30.74 8.83
622.00 538.00 12800000.00 535.00 4750.00 29.81 56.07 22.74 13.98 28.56 28.74 5.47 30.66 8.81
621.00 538.00 12800000.00 535.00 4750.00 29.75 56.00 22.65 13.95 28.51 28.70 5.45 30.57 8.80
620.00 538.00 12800000.00 535.00 4750.00 29.69 55.94 22.56 13.93 28.46 28.65 5.43 30.48 8.78
619.00 538.00 12800000.00 535.00 4750.00 29.63 55.87 22.48 13.90 28.41 28.60 5.41 30.40 8.77
618.00 538.00 12800000.00 535.00 4750.00 29.57 55.80 22.39 13.87 28.36 28.55 5.39 30.31 8.76
617.00 538.00 12800000.00 535.00 4750.00 29.51 55.74 22.30 13.85 28.31 28.50 5.38 30.22 8.74
616.00 538.00 12800000.00 535.00 4750.00 29.45 55.67 22.21 13.82 28.26 28.46 5.36 30.13 8.73
615.00 538.00 12800000.00 535.00 4750.00 29.39 55.61 22.13 13.80 28.21 28.41 5.34 30.05 8.71
614.00 538.00 12800000.00 535.00 4750.00 29.33 55.54 22.04 13.77 28.15 28.36 5.32 29.96 8.70
613.00 538.00 12800000.00 535.00 4750.00 29.28 55.47 21.95 13.74 28.10 28.31 5.30 29.87 8.69
612.00 538.00 12800000.00 535.00 4750.00 29.22 55.41 21.86 13.72 28.05 28.26 5.29 29.79 8.67
611.00 538.00 12800000.00 535.00 4750.00 29.16 55.34 21.77 13.69 28.00 28.22 5.27 29.70 8.66
610.00 538.00 12800000.00 535.00 4750.00 29.10 55.28 21.69 13.67 27.95 28.17 5.25 29.61 8.64
609.00 538.00 12800000.00 535.00 4750.00 29.04 55.21 21.60 13.64 27.90 28.12 5.23 29.52 8.63
608.00 538.00 12800000.00 535.00 4750.00 28.98 55.14 21.51 13.61 27.85 28.07 5.21 29.44 8.62
607.00 538.00 12800000.00 535.00 4750.00 28.92 55.08 21.42 13.59 27.80 28.02 5.20 29.35 8.60
606.00 538.00 12800000.00 535.00 4750.00 28.86 55.01 21.34 13.56 27.75 27.98 5.18 29.26 8.59
605.00 538.00 12800000.00 535.00 4750.00 28.80 54.95 21.25 13.54 27.70 27.93 5.16 29.18 8.57
604.00 538.00 12800000.00 535.00 4750.00 28.74 54.88 21.16 13.51 27.65 27.88 5.14 29.09 8.56
603.00 538.00 12800000.00 535.00 4750.00 28.69 54.81 21.07 13.48 27.59 27.83 5.12 29.00 8.55
602.00 538.00 12800000.00 535.00 4750.00 28.63 54.75 20.99 13.46 27.54 27.78 5.11 28.91 8.53
601.00 538.00 12800000.00 535.00 4750.00 28.57 54.68 20.90 13.43 27.49 27.73 5.09 28.83 8.52
600.00 538.00 12800000.00 535.00 4750.00 28.51 54.62 20.81 13.41 27.44 27.69 5.07 28.74 8.50
599.00 538.00 12800000.00 535.00 4750.00 28.45 54.55 20.72 13.38 27.39 27.64 5.05 28.65 8.49
598.00 538.00 12800000.00 535.00 4750.00 28.39 54.48 20.64 13.35 27.34 27.59 5.03 28.57 8.48
597.00 538.00 12800000.00 535.00 4750.00 28.33 54.42 20.55 13.33 27.29 27.54 5.02 28.48 8.46
596.00 538.00 12800000.00 535.00 4750.00 28.27 54.35 20.46 13.30 27.24 27.50 5.00 28.39 8.45
595.00 538.00 12800000.00 535.00 4750.00 28.21 54.29 20.37 13.28 27.19 27.45 4.98 28.31 8.43
594.00 538.00 12800000.00 535.00 4750.00 28.15 54.22 20.29 13.25 27.13 27.40 4.96 28.22 8.42
593.00 538.00 12800000.00 535.00 4750.00 28.10 54.15 20.20 13.22 27.08 27.35 4.94 28.13 8.41
592.00 538.00 12800000.00 535.00 4750.00 28.04 54.09 20.11 13.20 27.03 27.30 4.93 28.04 8.39
591.00 538.00 12800000.00 535.00 4750.00 27.98 54.02 20.02 13.17 26.98 27.25 4.91 27.96 8.38
590.00 538.00 12800000.00 535.00 4750.00 27.92 53.96 19.93 13.15 26.93 27.21 4.89 27.87 8.36
589.00 538.00 12800000.00 535.00 4750.00 27.86 53.89 19.85 13.12 26.88 27.16 4.87 27.78 8.35
588.00 538.00 12800000.00 535.00 4750.00 27.80 53.82 19.76 13.09 26.83 27.11 4.85 27.70 8.34
587.00 538.00 12800000.00 535.00 4750.00 27.74 53.76 19.67 13.07 26.78 27.06 4.84 27.61 8.32
586.00 538.00 12800000.00 535.00 4750.00 27.68 53.69 19.58 13.04 26.73 27.02 4.82 27.52 8.31
585.00 538.00 12800000.00 535.00 4750.00 27.62 53.63 19.50 13.02 26.68 26.97 4.80 27.43 8.29
584.00 538.00 12800000.00 535.00 4750.00 27.56 53.56 19.41 12.99 26.63 26.92 4.78 27.35 8.28
583.00 538.00 12800000.00 535.00 4750.00 27.51 53.49 19.32 12.96 26.57 26.87 4.76 27.26 8.27
582.00 538.00 12800000.00 535.00 4750.00 27.45 53.43 19.23 12.94 26.52 26.82 4.75 27.17 8.25
581.00 538.00 12800000.00 535.00 4750.00 27.39 53.36 19.15 12.91 26.47 26.78 4.73 27.09 8.24
580.00 538.00 12800000.00 535.00 4750.00 27.33 53.30 19.06 12.89 26.42 26.73 4.71 27.00 8.22
579.00 538.00 12800000.00 535.00 4750.00 27.27 53.23 18.97 12.86 26.37 26.68 4.69 26.91 8.21
578.00 538.00 12800000.00 535.00 4750.00 27.21 53.16 18.88 12.83 26.32 26.63 4.67 26.82 8.20
577.00 538.00 12800000.00 535.00 4750.00 27.15 53.10 18.80 12.81 26.27 26.58 4.66 26.74 8.18
576.00 538.00 12800000.00 535.00 4750.00 27.09 53.03 18.71 12.78 26.22 26.54 4.64 26.65 8.17
575.00 538.00 12800000.00 535.00 4750.00 27.03 52.97 18.62 12.76 26.17 26.49 4.62 26.56 8.15
574.00 538.00 12800000.00 535.00 4750.00 26.97 52.90 18.53 12.73 26.11 26.44 4.60 26.48 8.14
573.00 538.00 12800000.00 535.00 4750.00 26.92 52.83 18.45 12.70 26.06 26.39 4.58 26.39 8.13
572.00 538.00 12800000.00 535.00 4750.00 26.86 52.77 18.36 12.68 26.01 26.34 4.57 26.30 8.11
571.00 538.00 12800000.00 535.00 4750.00 26.80 52.70 18.27 12.65 25.96 26.30 4.55 26.21 8.10
570.00 538.00 12800000.00 535.00 4750.00 26.74 52.64 18.18 12.63 25.91 26.25 4.53 26.13 8.08
569.00 538.00 12800000.00 535.00 4750.00 26.68 52.57 18.10 12.60 25.86 26.20 4.51 26.04 8.07
568.00 538.00 12800000.00 535.00 4750.00 26.62 52.50 18.01 12.57 25.81 26.15 4.49 25.95 8.06
567.00 538.00 12800000.00 535.00 4750.00 26.56 52.44 17.92 12.55 25.76 26.10 4.48 25.87 8.04
566.00 538.00 12800000.00 535.00 4750.00 26.50 52.37 17.83 12.52 25.71 26.06 4.46 25.78 8.03
565.00 538.00 12800000.00 535.00 4750.00 26.44 52.31 17.75 12.50 25.66 26.01 4.44 25.69 8.01
564.00 538.00 12800000.00 535.00 4750.00 26.38 52.24 17.66 12.47 25.60 25.96 4.42 25.61 8.00
563.00 538.00 12800000.00 535.00 4750.00 26.33 52.17 17.57 12.44 25.55 25.91 4.40 25.52 7.99
562.00 538.00 12800000.00 535.00 4750.00 26.27 52.11 17.48 12.42 25.50 25.86 4.39 25.43 7.97
561.00 538.00 12800000.00 535.00 4750.00 26.21 52.04 17.39 12.39 25.45 25.82 4.37 25.34 7.96
560.00 538.00 12800000.00 535.00 4750.00 26.15 51.98 17.31 12.37 25.40 25.77 4.35 25.26 7.94
559.00 538.00 12800000.00 535.00 4750.00 26.09 51.91 17.22 12.34 25.35 25.72 4.33 25.17 7.93
558.00 538.00 12800000.00 535.00 4750.00 26.03 51.84 17.13 12.31 25.30 25.67 4.31 25.08 7.92
557.00 538.00 12800000.00 535.00 4750.00 25.97 51.78 17.04 12.29 25.25 25.62 4.30 25.00 7.90
556.00 538.00 12800000.00 535.00 4750.00 25.91 51.71 16.96 12.26 25.20 25.57 4.28 24.91 7.89
555.00 538.00 12800000.00 535.00 4750.00 25.85 51.65 16.87 12.24 25.15 25.53 4.26 24.82 7.87
554.00 538.00 12800000.00 535.00 4750.00 25.79 51.58 16.78 12.21 25.09 25.48 4.24 24.73 7.86
553.00 538.00 12800000.00 535.00 4750.00 25.74 51.51 16.69 12.18 25.04 25.43 4.22 24.65 7.85
552.00 538.00 12800000.00 535.00 4750.00 25.68 51.45 16.61 12.16 24.99 25.38 4.21 24.56 7.83
551.00 538.00 12800000.00 535.00 4750.00 25.62 51.38 16.52 12.13 24.94 25.34 4.19 24.47 7.82
550.00 538.00 12800000.00 535.00 4750.00 25.56 51.32 16.43 12.11 24.89 25.29 4.17 24.39 7.80
549.00 538.00 12800000.00 535.00 4750.00 25.50 51.25 16.34 12.08 24.84 25.24 4.15 24.30 7.79
548.00 538.00 12800000.00 535.00 4750.00 25.44 51.18 16.26 12.05 24.79 25.19 4.13 24.21 7.78
547.00 538.00 12800000.00 535.00 4750.00 25.38 51.12 16.17 12.03 24.74 25.14 4.12 24.12 7.76
546.00 538.00 12800000.00 535.00 4750.00 25.32 51.05 16.08 12.00 24.69 25.09 4.10 24.04 7.75
545.00 538.00 12800000.00 535.00 4750.00 25.26 50.99 15.99 11.98 24.64 25.05 4.08 23.95 7.73
544.00 538.00 12800000.00 535.00 4750.00 25.20 50.92 15.91 11.95 24.58 25.00 4.06 23.86 7.72
543.00 538.00 12800000.00 535.00 4750.00 25.15 50.85 15.82 11.92 24.53 24.95 4.04 23.78 7.71
542.00 538.00 12800000.00 535.00 4750.00 25.09 50.79 15.73 11.90 24.48 24.90 4.03 23.69 7.69
541.00 538.00 12800000.00 535.00 4750.00 25.03 50.72 15.64 11.87 24.43 24.86 4.01 23.60 7.68
540.00 538.00 12800000.00 535.00 4750.00 24.97 50.66 15.56 11.85 24.38 24.81 3.99 23.51 7.66
539.00 538.00 12800000.00 535.00 4750.00 24.91 50.59 15.47 11.82 24.33 24.76 3.97 23.43 7.65
538.00 538.00 12800000.00 535.00 4750.00 24.85 50.52 15.38 11.79 24.28 24.71 3.95 23.34 7.64
537.00 538.00 12800000.00 535.00 4750.00 24.79 50.46 15.29 11.77 24.23 24.66 3.94 23.25 7.62
536.00 538.00 12800000.00 535.00 4750.00 24.73 50.39 15.20 11.74 24.18 24.62 3.92 23.17 7.61
535.00 538.00 12800000.00 535.00 4750.00 24.67 50.33 15.12 11.72 24.13 24.57 3.90 23.08 7.59
534.00 538.00 12800000.00 535.00 4750.00 24.61 50.26 15.03 11.69 24.07 24.52 3.88 22.99 7.58
533.00 538.00 12800000.00 535.00 4750.00 24.56 50.19 14.94 11.66 24.02 24.47 3.86 22.91 7.57
532.00 538.00 12800000.00 535.00 4750.00 24.50 50.13 14.85 11.64 23.97 24.42 3.85 22.82 7.55
531.00 538.00 12800000.00 535.00 4750.00 24.44 50.06 14.77 11.61 23.92 24.38 3.83 22.73 7.54
530.00 538.00 12800000.00 535.00 4750.00 24.38 50.00 14.68 11.59 23.87 24.33 3.81 22.64 7.52
529.00 538.00 12800000.00 535.00 4750.00 24.32 49.93 14.59 11.56 23.82 24.28 3.79 22.56 7.51
528.00 538.00 12800000.00 535.00 4750.00 24.26 49.86 14.50 11.53 23.77 24.23 3.77 22.47 7.50
527.00 538.00 12800000.00 535.00 4750.00 24.20 49.80 14.42 11.51 23.72 24.18 3.76 22.38 7.48
526.00 538.00 12800000.00 535.00 4750.00 24.14 49.73 14.33 11.48 23.67 24.14 3.74 22.30 7.47
525.00 538.00 12800000.00 535.00 4750.00 24.08 49.67 14.24 11.46 23.62 24.09 3.72 22.21 7.45
524.00 538.00 12800000.00 535.00 4750.00 24.02 49.60 14.15 11.43 23.56 24.04 3.70 22.12 7.44
523.00 538.00 12800000.00 535.00 4750.00 23.97 49.53 14.07 11.40 23.51 23.99 3.68 22.03 7.43
522.00 538.00 12800000.00 535.00 4750.00 23.91 49.47 13.98 11.38 23.46 23.94 3.67 21.95 7.41
521.00 538.00 12800000.00 535.00 4750.00 23.85 49.40 13.89 11.35 23.41 23.90 3.65 21.86 7.40
520.00 538.00 12800000.00 535.00 4750.00 23.79 49.34 13.80 11.33 23.36 23.85 3.63 21.77 7.38
519.00 538.00 12800000.00 535.00 4750.00 23.73 49.27 13.72 11.30 23.31 23.80 3.61 21.69 7.37
518.00 538.00 12800000.00 535.00 4750.00 23.67 49.20 13.63 11.27 23.26 23.75 3.59 21.60 7.36
517.00 538.00 12800000.00 535.00 4750.00 23.61 49.14 13.54 11.25 23.21 23.70 3.58 21.51 7.34
516.00 538.00 12800000.00 535.00 4750.00 23.55 49.07 13.45 11.22 23.16 23.66 3.56 21.42 7.33
515.00 538.00 12800000.00 535.00 4750.00 23.49 49.01 13.37 11.20 23.11 23.61 3.54 21.34 7.31
514.00 538.00 12800000.00 535.00 4750.00 23.43 48.94 13.28 11.17 23.06 23.56 3.52 21.25 7.30
513.00 538.00 12800000.00 535.00 4750.00 23.38 48.87 13.19 11.14 23.00 23.51 3.50 21.16 7.29
512.00 538.00 12800000.00 535.00 4750.00 23.32 48.81 13.10 11.12 22.95 23.46 3.49 21.08 7.27
511.00 538.00 12800000.00 535.00 4750.00 23.26 48.74 13.01 11.09 22.90 23.41 3.47 20.99 7.26
510.00 538.00 12800000.00 535.00 4750.00 23.20 48.68 12.93 11.07 22.85 23.37 3.45 20.90 7.24
509.00 538.00 12800000.00 535.00 4750.00 23.14 48.61 12.84 11.04 22.80 23.32 3.43 20.81 7.23
508.00 538.00 12800000.00 535.00 4750.00 23.08 48.54 12.75 11.01 22.75 23.27 3.41 20.73 7.22
507.00 538.00 12800000.00 535.00 4750.00 23.02 48.48 12.66 10.99 22.70 23.22 3.40 20.64 7.20
506.00 538.00 12800000.00 535.00 4750.00 22.96 48.41 12.58 10.96 22.65 23.18 3.38 20.55 7.19
505.00 538.00 12800000.00 535.00 4750.00 22.90 48.35 12.49 10.94 22.60 23.13 3.36 20.47 7.17
504.00 538.00 12800000.00 535.00 4750.00 22.84 48.28 12.40 10.91 22.54 23.08 3.34 20.38 7.16
503.00 538.00 12800000.00 535.00 4750.00 22.79 48.21 12.31 10.88 22.49 23.03 3.32 20.29 7.15
502.00 538.00 12800000.00 535.00 4750.00 22.73 48.15 12.23 10.86 22.44 22.98 3.31 20.20 7.13
501.00 538.00 12800000.00 535.00 4750.00 22.67 48.08 12.14 10.83 22.39 22.94 3.29 20.12 7.12
500.00 538.00 12800000.00 535.00 4750.00 22.61 48.02 12.05 10.81 22.34 22.89 3.27 20.03 7.10
499.00 538.00 12800000.00 535.00 4750.00 22.55 47.95 11.96 10.78 22.29 22.84 3.25 19.94 7.09
498.00 538.00 12800000.00 535.00 4750.00 22.49 47.88 11.88 10.75 22.24 22.79 3.23 19.86 7.08
497.00 538.00 12800000.00 535.00 4750.00 22.43 47.82 11.79 10.73 22.19 22.74 3.22 19.77 7.06
496.00 538.00 12800000.00 535.00 4750.00 22.37 47.75 11.70 10.70 22.14 22.70 3.20 19.68 7.05
495.00 538.00 12800000.00 535.00 4750.00 22.31 47.69 11.61 10.68 22.09 22.65 3.18 19.60 7.03
494.00 538.00 12800000.00 535.00 4750.00 22.25 47.62 11.53 10.65 22.04 22.60 3.16 19.51 7.02
493.00 538.00 12800000.00 535.00 4750.00 22.20 47.55 11.44 10.62 21.98 22.55 3.14 19.42 7.01
492.00 538.00 12800000.00 535.00 4750.00 22.14 47.49 11.35 10.60 21.93 22.50 3.13 19.33 6.99
491.00 538.00 12800000.00 535.00 4750.00 22.08 47.42 11.26 10.57 21.88 22.46 3.11 19.25 6.98
490.00 538.00 12800000.00 535.00 4750.00 22.02 47.36 11.18 10.55 21.83 22.41 3.09 19.16 6.96
489.00 538.00 12800000.00 535.00 4750.00 21.96 47.29 11.09 10.52 21.78 22.36 3.07 19.07 6.95
488.00 538.00 12800000.00 535.00 4750.00 21.90 47.22 11.00 10.49 21.73 22.31 3.05 18.99 6.94
487.00 538.00 12800000.00 535.00 4750.00 21.84 47.16 10.91 10.47 21.68 22.26 3.04 18.90 6.92
486.00 538.00 12800000.00 535.00 4750.00 21.78 47.09 10.82 10.44 21.63 22.22 3.02 18.81 6.91
485.00 538.00 12800000.00 535.00 4750.00 21.72 47.03 10.74 10.42 21.58 22.17 3.00 18.72 6.89
484.00 538.00 12800000.00 535.00 4750.00 21.66 46.96 10.65 10.39 21.52 22.12 2.98 18.64 6.88
483.00 538.00 12800000.00 535.00 4750.00 21.61 46.89 10.56 10.36 21.47 22.07 2.96 18.55 6.87
482.00 538.00 12800000.00 535.00 4750.00 21.55 46.83 10.47 10.34 21.42 22.02 2.95 18.46 6.85
481.00 538.00 12800000.00 535.00 4750.00 21.49 46.76 10.39 10.31 21.37 21.98 2.93 18.38 6.84
480.00 538.00 12800000.00 535.00 4750.00 21.43 46.70 10.30 10.29 21.32 21.93 2.91 18.29 6.82
479.00 538.00 12800000.00 535.00 4750.00 21.37 46.63 10.21 10.26 21.27 21.88 2.89 18.20 6.81
478.00 538.00 12800000.00 535.00 4750.00 21.31 46.56 10.12 10.23 21.22 21.83 2.87 18.11 6.80
477.00 538.00 12800000.00 535.00 4750.00 21.25 46.50 10.04 10.21 21.17 21.78 2.86 18.03 6.78
476.00 538.00 12800000.00 535.00 4750.00 21.19 46.43 9.95 10.18 21.12 21.73 2.84 17.94 6.77
475.00 538.00 12800000.00 535.00 4750.00 21.13 46.37 9.86 10.16 21.07 21.69 2.82 17.85 6.75
474.00 538.00 12800000.00 535.00 4750.00 21.07 46.30 9.77 10.13 21.01 21.64 2.80 17.77 6.74
473.00 538.00 12800000.00 535.00 4750.00 21.02 46.23 9.69 10.10 20.96 21.59 2.78 17.68 6.73
472.00 538.00 12800000.00 535.00 4750.00 20.96 46.17 9.60 10.08 20.91 21.54 2.77 17.59 6.71
471.00 538.00 12800000.00 535.00 4750.00 20.90 46.10 9.51 10.05 20.86 21.50 2.75 17.50 6.70
470.00 538.00 12800000.00 535.00 4750.00 20.84 46.04 9.42 10.03 20.81 21.45 2.73 17.42 6.68
469.00 538.00 12800000.00 535.00 4750.00 20.78 45.97 9.34 10.00 20.76 21.40 2.71 17.33 6.67
468.00 538.00 12800000.00 535.00 4750.00 20.72 45.90 9.25 9.97 20.71 21.35 2.69 17.24 6.66
467.00 538.00 12800000.00 535.00 4750.00 20.66 45.84 9.16 9.95 20.66 21.30 2.68 17.16 6.64
466.00 538.00 12800000.00 535.00 4750.00 20.60 45.77 9.07 9.92 20.61 21.25 2.66 17.07 6.63
465.00 538.00 12800000.00 535.00 4750.00 20.54 45.71 8.98 9.90 20.56 21.21 2.64 16.98 6.61
464.00 538.00 12800000.00 535.00 4750.00 20.48 45.64 8.90 9.87 20.50 21.16 2.62 16.90 6.60
463.00 538.00 12800000.00 535.00 4750.00 20.43 45.57 8.81 9.84 20.45 21.11 2.60 16.81 6.59
462.00 538.00 12800000.00 535.00 4750.00 20.37 45.51 8.72 9.82 20.40 21.06 2.59 16.72 6.57
461.00 538.00 12800000.00 535.00 4750.00 20.31 45.44 8.63 9.79 20.35 21.02 2.57 16.63 6.56
460.00 538.00 12800000.00 535.00 4750.00 20.25 45.38 8.55 9.77 20.30 20.97 2.55 16.55 6.54
459.00 538.00 12800000.00 535.00 4750.00 20.19 45.31 8.46 9.74 20.25 20.92 2.53 16.46 6.53
458.00 538.00 12800000.00 535.00 4750.00 20.13 45.24 8.37 9.71 20.20 20.87 2.51 16.37 6.52
457.00 538.00 12800000.00 535.00 4750.00 20.07 45.18 8.28 9.69 20.15 20.82 2.50 16.29 6.50
456.00 538.00 12800000.00 535.00 4750.00 20.01 45.11 8.20 9.66 20.10 20.78 2.48 16.20 6.49
455.00 538.00 12800000.00 535.00 4750.00 19.95 45.05 8.11 9.64 20.05 20.73 2.46 16.11 6.47
454.00 538.00 12800000.00 535.00 4750.00 19.90 44.98 8.02 9.61 19.99 20.68 2.44 16.02 6.46
453.00 538.00 12800000.00 535.00 4750.00 19.84 44.91 7.93 9.58 19.94 20.63 2.42 15.94 6.45
452.00 538.00 12800000.00 535.00 4750.00 19.78 44.85 7.85 9.56 19.89 20.58 2.41 15.85 6.43
451.00 538.00 12800000.00 535.00 4750.00 19.72 44.78 7.76 9.53 19.84 20.54 2.39 15.76 6.42
450.00 538.00 12800000.00 535.00 4750.00 19.66 44.72 7.67 9.51 19.79 20.49 2.37 15.68 6.40
449.00 538.00 12800000.00 535.00 4750.00 19.60 44.65 7.58 9.48 19.74 20.44 2.35 15.59 6.39
448.00 538.00 12800000.00 535.00 4750.00 19.54 44.58 7.50 9.45 19.69 20.39 2.33 15.50 6.38
447.00 538.00 12800000.00 535.00 4750.00 19.48 44.52 7.41 9.43 19.64 20.34 2.32 15.41 6.36
446.00 538.00 12800000.00 535.00 4750.00 19.42 44.45 7.32 9.40 19.59 20.30 2.30 15.33 6.35
445.00 538.00 12800000.00 535.00 4750.00 19.36 44.39 7.23 9.38 19.54 20.25 2.28 15.24 6.33
444.00 538.00 12800000.00 535.00 4750.00 19.31 44.32 7.15 9.35 19.48 20.20 2.26 15.15 6.32
443.00 538.00 12800000.00 535.00 4750.00 19.25 44.25 7.06 9.32 19.43 20.15 2.24 15.07 6.31
442.00 538.00 12800000.00 535.00 4750.00 19.19 44.19 6.97 9.30 19.38 20.10 2.23 14.98 6.29
441.00 538.00 12800000.00 535.00 4750.00 19.13 44.12 6.88 9.27 19.33 20.06 2.21 14.89 6.28
440.00 538.00 12800000.00 535.00 4750.00 19.07 44.06 6.79 9.25 19.28 20.01 2.19 14.80 6.26
439.00 538.00 12800000.00 535.00 4750.00 19.01 43.99 6.71 9.22 19.23 19.96 2.17 14.72 6.25
438.00 538.00 12800000.00 535.00 4750.00 18.95 43.92 6.62 9.19 19.18 19.91 2.15 14.63 6.24
437.00 538.00 12800000.00 535.00 4750.00 18.89 43.86 6.53 9.17 19.13 19.86 2.14 14.54 6.22
436.00 538.00 12800000.00 535.00 4750.00 18.83 43.79 6.44 9.14 19.08 19.82 2.12 14.46 6.21
435.00 538.00 12800000.00 535.00 4750.00 18.77 43.73 6.36 9.12 19.03 19.77 2.10 14.37 6.19
434.00 538.00 12800000.00 535.00 4750.00 18.72 43.66 6.27 9.09 18.97 19.72 2.08 14.28 6.18
433.00 538.00 12800000.00 535.00 4750.00 18.66 43.59 6.18 9.06 18.92 19.67 2.06 14.20 6.17
432.00 538.00 12800000.00 535.00 4750.00 18.60 43.53 6.09 9.04 18.87 19.62 2.05 14.11 6.15
431.00 538.00 12800000.00 535.00 4750.00 18.54 43.46 6.01 9.01 18.82 19.57 2.03 14.02 6.14
430.00 538.00 12800000.00 535.00 4750.00 18.48 43.40 5.92 8.99 18.77 19.53 2.01 13.93 6.12
429.00 538.00 12800000.00 535.00 4750.00 18.42 43.33 5.83 8.96 18.72 19.48 1.99 13.85 6.11
428.00 538.00 12800000.00 535.00 4750.00 18.36 43.26 5.74 8.93 18.67 19.43 1.97 13.76 6.10
427.00 538.00 12800000.00 535.00 4750.00 18.30 43.20 5.66 8.91 18.62 19.38 1.96 13.67 6.08
426.00 538.00 12800000.00 535.00 4750.00 18.24 43.13 5.57 8.88 18.57 19.34 1.94 13.59 6.07
425.00 538.00 12800000.00 535.00 4750.00 18.18 43.07 5.48 8.86 18.52 19.29 1.92 13.50 6.05
424.00 538.00 12800000.00 535.00 4750.00 18.13 43.00 5.39 8.83 18.47 19.24 1.90 13.41 6.04
423.00 538.00 12800000.00 535.00 4750.00 18.07 42.93 5.31 8.80 18.41 19.19 1.88 13.32 6.03
422.00 538.00 12800000.00 535.00 4750.00 18.01 42.87 5.22 8.78 18.36 19.14 1.87 13.24 6.01
421.00 538.00 12800000.00 535.00 4750.00 17.95 42.80 5.13 8.75 18.31 19.09 1.85 13.15 6.00
420.00 538.00 12800000.00 535.00 4750.00 17.89 42.74 5.04 8.73 18.26 19.05 1.83 13.06 5.98
419.00 538.00 12800000.00 535.00 4750.00 17.83 42.67 4.96 8.70 18.21 19.00 1.81 12.98 5.97
418.00 538.00 12800000.00 535.00 4750.00 17.77 42.60 4.87 8.67 18.16 18.95 1.79 12.89 5.96
417.00 538.00 12800000.00 535.00 4750.00 17.71 42.54 4.78 8.65 18.11 18.90 1.78 12.80 5.94
416.00 538.00 12800000.00 535.00 4750.00 17.65 42.47 4.69 8.62 18.06 18.86 1.76 12.71 5.93
415.00 538.00 12800000.00 535.00 4750.00 17.59 42.41 4.61 8.60 18.01 18.81 1.74 12.63 5.91
414.00 538.00 12800000.00 535.00 4750.00 17.54 42.34 4.52 8.57 17.95 18.76 1.72 12.54 5.90
413.00 538.00 12800000.00 535.00 4750.00 17.48 42.27 4.43 8.54 17.90 18.71 1.70 12.45 5.89
412.00 538.00 12800000.00 535.00 4750.00 17.42 42.21 4.34 8.52 17.85 18.66 1.69 12.37 5.87
411.00 538.00 12800000.00 535.00 4750.00 17.36 42.14 4.25 8.49 17.80 18.62 1.67 12.28 5.86
410.00 538.00 12800000.00 535.00 4750.00 17.30 42.08 4.17 8.47 17.75 18.57 1.65 12.19 5.84
409.00 538.00 12800000.00 535.00 4750.00 17.24 42.01 4.08 8.44 17.70 18.52 1.63 12.10 5.83
408.00 538.00 12800000.00 535.00 4750.00 17.18 41.94 3.99 8.41 17.65 18.47 1.61 12.02 5.82
407.00 538.00 12800000.00 535.00 4750.00 17.12 41.88 3.90 8.39 17.60 18.42 1.60 11.93 5.80
406.00 538.00 12800000.00 535.00 4750.00 17.06 41.81 3.82 8.36 17.55 18.38 1.58 11.84 5.79
405.00 538.00 12800000.00 535.00 4750.00 17.00 41.75 3.73 8.34 17.50 18.33 1.56 11.76 5.77
404.00 538.00 12800000.00 535.00 4750.00 16.95 41.68 3.64 8.31 17.45 18.28 1.54 11.67 5.76
403.00 538.00 12800000.00 535.00 4750.00 16.89 41.61 3.55 8.28 17.39 18.23 1.52 11.58 5.75
402.00 538.00 12800000.00 535.00 4750.00 16.83 41.55 3.47 8.26 17.34 18.18 1.51 11.49 5.73
401.00 538.00 12800000.00 535.00 4750.00 16.77 41.48 3.38 8.23 17.29 18.14 1.49 11.41 5.72
400.00 538.00 12800000.00 535.00 4750.00 16.71 41.42 3.29 8.21 17.24 18.09 1.47 11.32 5.70
399.00 538.00 12800000.00 535.00 4750.00 16.65 41.35 3.20 8.18 17.19 18.04 1.45 11.23 5.69
398.00 538.00 12800000.00 535.00 4750.00 16.59 41.28 3.12 8.15 17.14 17.99 1.43 11.15 5.68
397.00 538.00 12800000.00 535.00 4750.00 16.53 41.22 3.03 8.13 17.09 17.94 1.42 11.06 5.66
396.00 538.00 12800000.00 535.00 4750.00 16.47 41.15 2.94 8.10 17.04 17.90 1.40 10.97 5.65
395.00 538.00 12800000.00 535.00 4750.00 16.41 41.09 2.85 8.08 16.99 17.85 1.38 10.89 5.63
394.00 538.00 12800000.00 535.00 4750.00 16.36 41.02 2.77 8.05 16.93 17.80 1.36 10.80 5.62
393.00 538.00 12800000.00 535.00 4750.00 16.30 40.95 2.68 8.02 16.88 17.75 1.34 10.71 5.61
392.00 538.00 12800000.00 535.00 4750.00 16.24 40.89 2.59 8.00 16.83 17.70 1.33 10.62 5.59
391.00 538.00 12800000.00 535.00 4750.00 16.18 40.82 2.50 7.97 16.78 17.66 1.31 10.54 5.58
390.00 538.00 12800000.00 535.00 4750.00 16.12 40.76 2.42 7.95 16.73 17.61 1.29 10.45 5.56
389.00 538.00 12800000.00 535.00 4750.00 16.06 40.69 2.33 7.92 16.68 17.56 1.27 10.36 5.55
388.00 538.00 12800000.00 535.00 4750.00 16.00 40.62 2.24 7.89 16.63 17.51 1.25 10.28 5.54
387.00 538.00 12800000.00 535.00 4750.00 15.94 40.56 2.15 7.87 16.58 17.46 1.24 10.19 5.52
386.00 538.00 12800000.00 535.00 4750.00 15.88 40.49 2.06 7.84 16.53 17.41 1.22 10.10 5.51
385.00 538.00 12800000.00 535.00 4750.00 15.82 40.43 1.98 7.82 16.48 17.37 1.20 10.01 5.49
384.00 538.00 12800000.00 535.00 4750.00 15.76 40.36 1.89 7.79 16.42 17.32 1.18 9.93 5.48
383.00 538.00 12800000.00 535.00 4750.00 15.71 40.29 1.80 7.76 16.37 17.27 1.16 9.84 5.47
382.00 538.00 12800000.00 535.00 4750.00 15.65 40.23 1.71 7.74 16.32 17.22 1.15 9.75 5.45
381.00 538.00 12800000.00 535.00 4750.00 15.59 40.16 1.63 7.71 16.27 17.18 1.13 9.67 5.44
380.00 538.00 12800000.00 535.00 4750.00 15.53 40.10 1.54 7.69 16.22 17.13 1.11 9.58 5.42
379.00 538.00 12800000.00 535.00 4750.00 15.47 40.03 1.45 7.66 16.17 17.08 1.09 9.49 5.41
378.00 538.00 12800000.00 535.00 4750.00 15.41 39.96 1.36 7.63 16.12 17.03 1.07 9.40 5.40
377.00 538.00 12800000.00 535.00 4750.00 15.35 39.90 1.28 7.61 16.07 16.98 1.06 9.32 5.38
376.00 538.00 12800000.00 535.00 4750.00 15.29 39.83 1.19 7.58 16.02 16.93 1.04 9.23 5.37
375.00 538.00 12800000.00 535.00 4750.00 15.23 39.77 1.10 7.56 15.97 16.89 1.02 9.14 5.35
374.00 538.00 12800000.00 535.00 4750.00 15.17 39.70 0.00 7.53 15.91 16.84 1.00 9.06 5.34
373.00 538.00 12800000.00 535.00 4750.00 15.12 39.63 0.00 7.50 15.86 16.79 0.98 8.97 5.33
372.00 538.00 12800000.00 535.00 4750.00 15.06 39.57 0.00 7.48 15.81 16.74 0.97 8.88 5.31
371.00 538.00 12800000.00 535.00 4750.00 15.00 39.50 0.00 7.45 15.76 16.70 0.95 8.79 5.30
370.00 538.00 12800000.00 535.00 4750.00 14.94 39.44 0.00 7.43 15.71 16.65 0.93 8.71 5.28
369.00 538.00 12800000.00 535.00 4750.00 14.88 39.37 0.00 7.40 15.66 16.60 0.91 8.62 5.27
368.00 538.00 12800000.00 535.00 4750.00 14.82 39.30 0.00 7.37 15.61 16.55 0.89 8.53 5.26
367.00 538.00 12800000.00 535.00 4750.00 14.76 39.24 0.00 7.35 15.56 16.50 0.88 8.45 5.24
366.00 538.00 12800000.00 535.00 4750.00 14.70 39.17 0.00 7.32 15.51 16.46 0.86 8.36 5.23
365.00 538.00 12800000.00 535.00 4750.00 14.64 39.11 0.00 7.30 15.46 16.41 0.84 8.27 5.21
364.00 538.00 12800000.00 535.00 4750.00 14.58 39.04 0.00 7.27 15.40 16.36 0.82 8.19 5.20
363.00 538.00 12800000.00 535.00 4750.00 14.53 38.97 0.00 7.24 15.35 16.31 0.80 8.10 5.19
362.00 538.00 12800000.00 535.00 4750.00 14.47 38.91 0.00 7.22 15.30 16.26 0.79 8.01 5.17
361.00 538.00 12800000.00 535.00 4750.00 14.41 38.84 0.00 7.19 15.25 16.22 0.77 7.92 5.16
360.00 538.00 12800000.00 535.00 4750.00 14.35 38.78 0.00 7.17 15.20 16.17 0.75 7.84 5.14
359.00 538.00 12800000.00 535.00 4750.00 14.29 38.71 0.00 7.14 15.15 16.12 0.73 7.75 5.13
358.00 538.00 12800000.00 535.00 4750.00 14.23 38.64 0.00 7.11 15.10 16.07 0.71 7.66 5.12
357.00 538.00 12800000.00 535.00 4750.00 14.17 38.58 0.00 7.09 15.05 16.02 0.70 7.58 5.10
356.00 538.00 12800000.00 535.00 4750.00 14.11 38.51 0.00 7.06 15.00 15.98 0.68 7.49 5.09
355.00 538.00 12800000.00 535.00 4750.00 14.05 38.45 0.00 7.04 14.95 15.93 0.66 7.40 5.07
354.00 538.00 12800000.00 535.00 4750.00 13.99 38.38 0.00 7.01 14.90 15.88 0.64 7.31 5.06
353.00 538.00 12800000.00 535.00 4750.00 13.94 38.31 0.00 6.98 14.84 15.83 0.62 7.23 5.05
352.00 538.00 12800000.00 535.00 4750.00 13.88 38.25 0.00 6.96 14.79 15.78 0.61 7.14 5.03
351.00 538.00 12800000.00 535.00 4750.00 13.82 38.18 0.00 6.93 14.74 15.74 0.59 7.05 5.02
350.00 538.00 12800000.00 535.00 4750.00 13.76 38.12 0.00 6.91 14.69 15.69 0.57 6.97 5.00
349.00 538.00 12800000.00 535.00 4750.00 13.70 38.05 0.00 6.88 14.64 15.64 0.55 6.88 4.99
348.00 538.00 12800000.00 535.00 4750.00 13.64 37.98 0.00 6.85 14.59 15.59 0.53 6.79 4.98
347.00 538.00 12800000.00 535.00 4750.00 13.58 37.92 0.00 6.83 14.54 15.54 0.52 6.70 4.96
346.00 538.00 12800000.00 535.00 4750.00 13.52 37.85 0.00 6.80 14.49 15.50 0.50 6.62 4.95
345.00 538.00 12800000.00 535.00 4750.00 13.46 37.79 0.00 6.78 14.44 15.45 0.48 6.53 4.93
344.00 538.00 12800000.00 535.00 4750.00 13.40 37.72 0.00 6.75 14.39 15.40 0.46 6.44 4.92
343.00 538.00 12800000.00 535.00 4750.00 13.35 37.65 0.00 6.72 14.33 15.35 0.44 6.36 4.91
342.00 538.00 12800000.00 535.00 4750.00 13.29 37.59 0.00 6.70 14.28 15.30 0.43 6.27 4.89
341.00 538.00 12800000.00 535.00 4750.00 13.23 37.52 0.00 6.67 14.23 15.26 0.41 6.18 4.88
340.00 538.00 12800000.00 535.00 4750.00 13.17 37.46 0.00 6.65 14.18 15.21 0.39 6.09 4.86
339.00 538.00 12800000.00 535.00 4750.00 13.11 37.39 0.00 6.62 14.13 15.16 0.37 6.01 4.85
338.00 538.00 12800000.00 535.00 4750.00 13.05 37.32 0.00 6.59 14.08 15.11 0.35 5.92 4.84
337.00 538.00 12800000.00 535.00 4750.00 12.99 37.26 0.00 6.57 14.03 15.06 0.34 5.83 4.82
336.00 538.00 12800000.00 535.00 4750.00 12.93 37.19 0.00 6.54 13.98 15.02 0.32 5.75 4.81
335.00 538.00 12800000.00 535.00 4750.00 12.87 37.13 0.00 6.52 13.93 14.97 0.30 5.66 4.79
334.00 538.00 12800000.00 535.00 4750.00 12.82 37.06 0.00 6.49 13.87 14.92 0.28 5.57 4.78
333.00 538.00 12800000.00 535.00 4750.00 12.76 36.99 0.00 6.46 13.82 14.87 0.26 5.49 4.77
332.00 538.00 12800000.00 535.00 4750.00 12.70 36.93 0.00 6.44 13.77 14.82 0.25 5.40 4.75
331.00 538.00 12800000.00 535.00 4750.00 12.64 36.86 0.00 6.41 13.72 14.78 0.23 5.31 4.74
330.00 538.00 12800000.00 535.00 4750.00 12.58 36.80 0.00 6.39 13.67 14.73 0.21 5.22 4.72
329.00 538.00 12800000.00 535.00 4750.00 12.52 36.73 0.00 6.36 13.62 14.68 0.19 5.14 4.71
328.00 538.00 12800000.00 535.00 4750.00 12.46 36.66 0.00 6.33 13.57 14.63 0.17 5.05 4.70
327.00 538.00 12800000.00 535.00 4750.00 12.40 36.60 0.00 6.31 13.52 14.58 0.16 4.96 4.68
326.00 538.00 12800000.00 535.00 4750.00 12.34 36.53 0.00 6.28 13.47 14.54 0.14 4.88 4.67
325.00 538.00 12800000.00 535.00 4750.00 12.28 36.47 0.00 6.26 13.42 14.49 0.12 4.79 4.65
324.00 538.00 12800000.00 535.00 4750.00 12.23 36.40 0.00 6.23 13.36 14.44 0.10 4.70 4.64
323.00 538.00 12800000.00 535.00 4750.00 12.17 36.33 0.00 6.20 13.31 14.39 0.08 4.61 4.63
322.00 538.00 12800000.00 535.00 4750.00 12.11 36.27 0.00 6.18 13.26 14.34 0.07 4.53 4.61
321.00 538.00 12800000.00 535.00 4750.00 12.05 36.20 0.00 6.15 13.21 14.30 0.05 4.44 4.60
320.00 538.00 12800000.00 535.00 4750.00 11.99 36.14 0.00 6.13 13.16 14.25 0.03 4.35 4.58
319.00 538.00 12800000.00 535.00 4750.00 11.93 36.07 0.00 6.10 13.11 14.20 0.00 4.27 4.57
318.00 538.00 12800000.00 535.00 4750.00 11.87 36.00 0.00 6.07 13.06 14.15 0.00 4.18 4.56
317.00 538.00 12800000.00 535.00 4750.00 11.81 35.94 0.00 6.05 13.01 14.10 0.00 4.09 4.54
316.00 538.00 12800000.00 535.00 4750.00 11.75 35.87 0.00 6.02 12.96 14.06 0.00 4.00 4.53
315.00 538.00 12800000.00 535.00 4750.00 11.69 35.81 0.00 6.00 12.91 14.01 0.00 3.92 4.51
